1 16 0
1 20 60
1 32 240
1 56 99260
1 64 780
1 107 27736
1 147 0
1 243 0
2 14 71072
2 85 0
2 115 0
2 146 0
2 157 0
2 161 0
2 177 0
2 183 0
2 235 0
3 4 308
3 6 2184
3 14 312328
3 18 4232
3 25 276
3 26 44
3 29 60
3 30 10116
3 33 29844
3 34 486
3 39 492
3 40 195536
3 44 323108
3 46 122184
3 48 78704
3 49 108
3 53 1440
3 56 2928
3 58 0
3 63 12
3 64 120
3 65 185632
3 71 776
3 73 0
3 77 72
3 85 3184
3 95 452
3 97 234
3 98 144
3 101 2272
3 102 404
3 107 4482
3 110 678
3 113 36
3 115 3472
3 124 1800
3 126 132
3 137 78336
3 142 12
3 143 96
3 145 204
3 146 284
3 155 0
3 157 408
3 158 624
3 159 57016
3 168 3280
3 170 510
3 171 115172
3 172 380
3 175 436
3 176 216
3 177 260108
3 183 203088
3 184 6284
3 185 73280
3 187 10228
3 189 2096
3 192 1400
3 198 0
3 201 11832
3 202 0
3 204 576
3 206 1400
3 208 2780
3 209 1020
3 210 1048
3 215 0
3 216 60
3 217 280
3 221 12
3 229 768
3 233 1808
3 235 16036
3 238 72
3 241 0
3 248 665032
3 251 4044
3 255 1842
4 8 60056
4 14 283988
4 16 41272
4 17 16
4 24 918
4 25 100
4 29 68
4 30 1050
4 31 408
4 40 924
4 44 256780
4 46 145076
4 48 0
4 49 6596
4 50 0
4 53 1064
4 56 852900
4 63 487048
4 64 1200
4 65 4872
4 71 95696
4 80 396
4 89 582
4 94 0
4 95 720
4 98 42
4 102 3744
4 107 340660
4 110 636
4 115 5502
4 124 81016
4 126 1692
4 137 327816
4 143 2980
4 145 226248
4 146 2924
4 147 35012
4 155 28
4 157 1136
4 158 78
4 159 146756
4 168 13968
4 170 7684
4 171 5950
4 172 356
4 174 42556
4 175 1784
4 176 828
4 177 115692
4 183 102
4 184 876548
4 185 1044
4 188 35204
4 191 216
4 192 2600
4 196 5608
4 204 22208
4 206 178196
4 208 14424
4 209 137252
4 210 136948
4 211 60
4 217 56668
4 220 0
4 222 330
4 224 16
4 226 1752
4 229 44352
4 235 59900
4 238 0
4 240 98280
4 247 672
4 248 84408
4 251 7096
5 14 54636
5 24 0
5 25 0
5 29 696
5 31 0
5 32 0
5 40 0
5 42 12
5 52 0
5 56 16588
5 65 1524
5 71 30744
5 77 36
5 107 107668
5 109 18
5 110 0
5 113 0
5 119 42
5 126 0
5 135 0
5 140 78
5 146 0
5 147 0
5 155 52944
5 157 0
5 163 0
5 170 0
5 175 2418
5 192 0
5 198 0
5 233 1224
5 248 0
6 12 0
6 14 116732
6 18 164
6 25 168
6 28 24
6 30 0
6 33 0
6 40 58080
6 44 84068
6 46 95740
6 48 49092
6 53 72
6 56 594
6 59 0
6 60 0
6 65 81948
6 88 156
6 97 48
6 98 1752
6 101 0
6 102 0
6 107 0
6 109 0
6 110 8
6 115 0
6 126 0
6 134 144
6 135 0
6 146 0
6 150 0
6 155 0
6 157 14664
6 159 2020
6 168 1038
6 171 84
6 172 0
6 177 0
6 183 104136
6 185 48460
6 187 0
6 189 4
6 198 0
6 201 0
6 214 12
6 215 1704
6 216 0
6 229 228
6 235 17136
6 248 50920
7 120 0
7 185 11400
8 16 15104
8 24 84
8 25 0
8 31 1588
8 40 108
8 48 136
8 54 2314
8 56 463036
8 60 40
8 63 24608
8 71 0
8 107 128400
8 110 0
8 124 0
8 130 0
8 137 53692
8 143 124
8 145 1132
8 146 0
8 147 60
8 155 12
8 163 108
8 174 0
8 175 444
8 184 25568
8 188 0
8 196 184
8 204 0
8 206 544
8 208 6248
8 209 12
8 210 1724
8 212 612
8 215 72
8 229 0
8 235 0
8 241 124
9 14 0
9 30 1240
9 44 66324
9 46 860
9 53 0
9 56 0
9 63 80660
9 65 7824
9 85 48
9 102 0
9 105 103648
9 107 24532
9 109 0
9 110 0
9 137 34820
9 145 35898
9 146 0
9 155 0
9 157 30
9 158 144
9 159 209128
9 170 168
9 171 5448
9 175 450
9 177 6638
9 183 0
9 184 67468
9 188 54804
9 202 0
9 204 5530
9 206 146468
9 209 2640
9 210 10060
9 217 983456
9 224 1956
9 229 0
9 235 464
9 238 0
9 240 2088
9 248 7928
11 14 75944
11 36 36
11 40 68
11 44 177156
11 46 81656
11 64 102
11 65 82724
11 73 60
11 88 0
11 98 126
11 111 36
11 123 30
11 137 3540
11 155 0
11 158 54124
11 159 105344
11 168 204
11 175 66
11 176 108
11 183 18
11 185 276
11 200 30
11 201 90
11 222 42
11 223 0
11 226 44
11 229 264
12 14 179100
12 29 0
12 40 161180
12 44 0
12 46 70856
12 56 0
12 64 126
12 65 31404
12 79 18
12 88 36
12 98 1128
12 100 1096
12 107 23184
12 126 132
12 158 0
12 159 12316
12 171 15768
12 172 36
12 176 186
12 192 3508
12 234 42
12 241 18
12 248 972
12 255 0
13 19 798
13 40 13308
13 80 840
13 91 1112
13 100 0
13 126 1026
13 140 1650
13 168 1224
13 192 0
13 242 432
14 15 215104
14 16 361844
14 18 0
14 19 237680
14 20 12360
14 23 60
14 24 353052
14 25 528756
14 28 162164
14 30 1338124
14 33 504296
14 38 110608
14 39 489048
14 40 692096
14 41 62600
14 42 166968
14 44 1990900
14 46 751232
14 48 839944
14 49 139716
14 52 94760
14 53 428608
14 54 58720
14 56 2078000
14 58 183324
14 59 486632
14 60 549344
14 63 1376104
14 64 88160
14 65 1271680
14 66 130996
14 71 117092
14 77 109812
14 78 810
14 79 109600
14 80 133576
14 83 40324
14 85 1326500
14 88 85140
14 91 200492
14 95 158832
14 96 72
14 98 525642
14 100 340228
14 101 134960
14 102 681568
14 105 361204
14 107 1409168
14 109 315056
14 110 476188
14 113 338304
14 115 1503884
14 116 36
14 119 135100
14 123 126
14 124 857972
14 125 12
14 126 333656
14 130 59280
14 134 912
14 135 0
14 137 1536800
14 140 287804
14 143 289024
14 145 2040724
14 146 442872
14 147 72
14 148 54088
14 149 37064
14 150 2420
14 152 88
14 154 413552
14 155 954792
14 157 4162048
14 158 501188
14 159 1072204
14 160 1584
14 161 329836
14 163 98016
14 164 197376
14 166 219476
14 167 69132
14 168 524972
14 170 1215884
14 171 3760796
14 172 1025148
14 174 24
14 175 192756
14 176 156708
14 177 2761004
14 179 257188
14 181 723072
14 182 78632
14 183 1436108
14 184 912008
14 185 829764
14 187 163756
14 188 300688
14 189 376784
14 192 1098448
14 193 1206
14 196 107728
14 198 463656
14 199 123144
14 201 352500
14 202 11622
14 204 250016
14 205 1616
14 206 1134792
14 208 507500
14 209 751088
14 210 1261348
14 214 679356
14 215 878244
14 216 93564
14 217 550412
14 220 126584
14 222 1512
14 223 80448
14 224 380
14 226 3168
14 229 479116
14 233 264236
14 234 469968
14 235 2156152
14 238 93084
14 239 444
14 240 204828
14 241 155684
14 242 468
14 248 3908844
14 251 1349932
14 253 227660
14 255 117252
15 40 76044
15 100 204
15 135 0
15 146 0
15 171 72
15 205 0
16 17 168
16 20 0
16 23 78
16 25 2076
16 29 580
16 30 1432
16 31 52588
16 33 536
16 34 220
16 44 441040
16 46 121112
16 48 30792
16 49 1816
16 50 288
16 53 456
16 54 48
16 56 1616276
16 59 216
16 60 308
16 63 321456
16 65 58636
16 71 152316
16 78 180
16 85 1080
16 89 52
16 93 84
16 95 0
16 98 0
16 100 240
16 102 1756
16 107 973476
16 109 168
16 110 6168
16 113 4764
16 124 3848
16 125 0
16 130 0
16 134 6108
16 135 0
16 137 213768
16 140 2268
16 142 768
16 143 368
16 145 246056
16 146 496
16 147 75712
16 152 912
16 155 98660
16 156 0
16 157 9444
16 158 144
16 159 107952
16 164 0
16 168 88356
16 170 29948
16 171 139640
16 172 720
16 174 47860
16 175 16848
16 176 836
16 177 45248
16 181 60
16 183 1478
16 184 388168
16 185 2672
16 188 2288
16 189 960
16 192 47892
16 193 108
16 196 2208
16 198 96
16 200 216
16 204 6932
16 206 74456
16 207 0
16 208 270
16 209 51692
16 210 230228
16 212 336
16 217 6476
16 224 620
16 229 69608
16 235 37964
16 239 768
16 240 1316
16 241 15848
16 247 0
16 248 188332
16 251 222
17 20 0
17 31 12
17 32 0
17 49 324
17 56 0
17 64 66
17 71 0
17 89 0
17 94 60
17 98 74
17 107 49280
17 110 0
17 115 138
17 137 116
17 143 0
17 145 62460
17 172 88
17 184 79500
17 206 96
17 209 3840
17 210 32188
17 212 0
17 248 0
17 253 100
18 24 1116
18 30 129756
18 39 1140
18 40 0
18 46 110344
18 47 1020
18 52 4380
18 53 0
18 58 52
18 60 384
18 65 58036
18 71 912
18 77 42
18 79 3492
18 92 1176
18 107 0
18 110 1188
18 113 24
18 123 36
18 125 3270
18 138 1248
18 152 0
18 157 0
18 159 984
18 171 17960
18 172 672
18 176 24
18 177 0
18 183 62728
18 187 0
18 192 192
18 210 0
18 215 4680
18 217 4080
18 220 0
18 223 42
18 233 290
18 248 0
18 258 1224
19 20 0
19 29 1932
19 31 20
19 32 0
19 39 0
19 40 12
19 42 1056
19 44 1628
19 46 29736
19 48 264
19 53 832
19 54 104
19 56 176140
19 63 1068
19 80 816
19 91 1380
19 94 2112
19 98 0
19 100 900
19 107 194712
19 110 894
19 115 120
19 126 1104
19 130 0
19 140 912
19 152 0
19 155 114924
19 157 0
19 159 12
19 168 628
19 170 0
19 171 476
19 172 0
19 175 16
19 177 5160
19 184 348
19 192 0
19 198 348
19 199 0
19 229 144
19 240 24
19 241 12
19 242 744
19 248 3630
19 253 30
20 25 0
20 29 0
20 39 0
20 46 0
20 49 0
20 53 0
20 54 6
20 56 16884
20 95 0
20 98 0
20 107 84428
20 115 0
20 126 0
20 135 0
20 161 0
20 168 0
20 171 0
20 181 0
20 185 0
20 196 1836
20 206 1392
20 234 0
20 253 0
21 137 45772
21 196 1560
21 217 124768
23 26 624
23 29 3628
23 35 0
23 44 354
23 46 576
23 53 12
23 56 204
23 63 164916
23 64 0
23 71 480
23 78 240
23 88 0
23 96 4408
23 97 72
23 107 144
23 110 12
23 137 14292
23 146 0
23 153 16
23 155 0
23 157 240
23 159 124304
23 160 8404
23 171 408
23 175 140
23 176 234
23 183 360
23 184 50092
23 185 48
23 188 28204
23 206 175060
23 208 0
23 209 188
23 211 52
23 217 54548
23 222 0
23 224 4976
23 229 484
23 240 48
23 241 0
23 248 452
23 251 0
24 31 24
24 33 0
24 39 1332
24 40 2804
24 44 822
24 53 360
24 54 90
24 56 2436
24 71 12
24 79 2556
24 85 2838
24 88 0
24 98 2752
24 100 2910
24 101 0
24 107 156472
24 110 330
24 113 0
24 115 2808
24 124 1368
24 126 2604
24 140 48
24 146 2772
24 155 142648
24 156 0
24 157 68944
24 158 312
24 159 1278
24 161 276
24 166 642
24 168 1368
24 171 340
24 175 3516
24 177 24908
24 181 0
24 185 1392
24 192 1452
24 196 72
24 198 60
24 199 0
24 216 2016
24 229 1964
24 235 73712
24 241 0
24 248 1560
24 251 2760
25 29 2088
25 30 860
25 31 98
25 36 12
25 38 42
25 39 456
25 40 194508
25 41 48
25 44 171380
25 46 153760
25 48 24704
25 53 660
25 56 169310
25 58 92
25 60 452
25 63 72384
25 65 97460
25 71 0
25 80 24
25 85 162
25 95 838
25 98 0
25 100 84
25 101 186
25 102 0
25 107 247276
25 109 1812
25 110 0
25 111 12
25 113 78
25 115 23768
25 123 66
25 124 9640
25 126 108
25 131 0
25 137 67108
25 145 3820
25 146 55356
25 147 18
25 150 252
25 154 156
25 155 105480
25 157 48836
25 158 1380
25 159 18888
25 161 0
25 168 67016
25 170 189184
25 171 93458
25 172 992
25 175 792
25 176 500
25 177 132168
25 181 0
25 183 21712
25 184 52792
25 185 324
25 187 248
25 189 1392
25 192 3196
25 198 340
25 201 0
25 204 276
25 208 1420
25 209 1652
25 210 1276
25 214 336
25 217 444
25 223 60
25 226 24
25 229 35920
25 233 144
25 235 91100
25 240 930
25 248 154276
25 253 1500
25 255 216
26 44 984
26 49 612
26 63 73304
26 69 36
26 80 54
26 93 0
26 97 48
26 100 0
26 107 1056
26 110 60
26 124 36
26 137 32384
26 143 72
26 150 156
26 155 714
26 159 203652
26 170 1428
26 183 294
26 222 0
26 226 24
26 241 132
26 248 1176
27 44 288
27 53 996
27 65 0
27 134 312
27 230 660
28 36 0
28 44 153012
28 56 580
28 58 0
28 64 124
28 65 44236
28 97 324
28 109 0
28 111 0
28 124 0
28 135 0
28 145 84
28 175 0
28 177 60852
28 226 396
28 229 25084
28 248 0
28 253 936
29 35 0
29 40 654
29 44 63888
29 49 204
29 56 384
29 63 321676
29 64 188
29 65 276
29 71 240
29 95 84
29 102 540
29 107 42116
29 110 176
29 124 528
29 125 0
29 137 140472
29 143 48
29 145 97616
29 146 44
29 155 3512
29 158 654
29 159 174668
29 160 5420
29 168 372
29 170 330
29 171 936
29 175 180
29 176 252
29 177 828
29 183 800
29 184 133716
29 185 1148
29 186 17080
29 188 308656
29 192 876
29 196 87244
29 198 0
29 204 39584
29 206 416920
29 208 1152
29 209 1100
29 210 281300
29 217 421600
29 222 1020
29 224 144932
29 229 364
29 231 2424
29 235 832
29 240 3156
29 248 2466
30 33 65432
30 34 50508
30 39 10176
30 40 542064
30 44 1310004
30 46 322676
30 48 235308
30 49 1584
30 53 94524
30 56 636708
30 59 10086
30 60 2588
30 63 494248
30 65 446480
30 85 605652
30 88 0
30 94 54
30 95 180
30 98 56860
30 101 27260
30 102 240
30 105 0
30 107 297024
30 109 1028
30 110 90544
30 113 28
30 115 17134
30 124 23164
30 137 348856
30 140 312
30 143 12
30 145 627364
30 146 4
30 150 1206
30 152 386
30 155 64564
30 157 1722940
30 158 124916
30 159 309188
30 166 12808
30 168 2196
30 170 69380
30 171 2108092
30 172 109016
30 176 624
30 177 1198228
30 181 84
30 183 883872
30 184 156944
30 185 206712
30 187 64708
30 188 2132
30 189 1026
30 192 188836
30 196 1824
30 198 82892
30 201 71120
30 204 1296
30 205 120
30 206 183664
30 208 4040
30 209 92712
30 210 729204
30 215 6816
30 216 1680
30 217 100532
30 223 564
30 224 636
30 229 100512
30 233 33632
30 234 120
30 235 604332
30 238 0
30 240 974
30 241 96
30 248 1867244
30 251 453824
30 253 300
31 32 0
31 40 120
31 44 0
31 53 0
31 54 0
31 56 142344
31 60 0
31 65 0
31 71 68
31 80 12
31 88 0
31 100 52
31 107 677944
31 109 104
31 110 0
31 113 0
31 124 36
31 126 0
31 130 18
31 131 0
31 134 0
31 135 0
31 143 240
31 145 0
31 146 48
31 147 1900
31 152 0
31 155 0
31 159 82172
31 168 0
31 170 0
31 174 696
31 175 1180
31 192 136
31 196 852
31 202 0
31 208 77368
31 215 0
31 220 0
31 229 232
31 238 0
31 241 892
31 248 364
32 40 0
32 44 792
32 50 948
32 56 87656
32 63 936
32 64 1272
32 107 65796
32 113 0
32 124 936
32 130 0
32 131 0
32 142 816
32 143 0
32 147 1272
32 157 0
32 159 0
32 163 276
32 171 0
32 172 0
32 175 1860
32 207 36
32 229 0
32 239 1728
32 241 0
32 243 228
32 245 84
32 247 96
32 248 13308
33 33 0
33 34 72
33 39 0
33 40 240396
33 44 385132
33 46 138464
33 48 77348
33 53 674
33 56 2400
33 60 1092
33 62 0
33 63 942
33 65 260568
33 83 0
33 85 2984
33 88 0
33 95 0
33 97 666
33 98 2052
33 100 18
33 101 396
33 102 25524
33 107 668
33 110 1492
33 115 7104
33 117 0
33 124 1552
33 126 0
33 134 84
33 137 105264
33 138 708
33 142 18
33 143 0
33 145 4304
33 146 0
33 150 0
33 155 3756
33 157 28900
33 158 842
33 159 60904
33 166 132
33 168 4748
33 170 2912
33 171 910032
33 172 1436
33 177 168700
33 183 233612
33 184 71168
33 185 63164
33 187 360
33 189 1032
33 192 5488
33 196 36
33 198 276
33 201 1296
33 204 488
33 208 1908
33 209 270
33 210 1172
33 215 1854
33 216 180
33 229 1020
33 233 88
33 235 99692
33 240 1260
33 241 0
33 248 655716
33 251 14744
33 253 1272
34 39 690
34 42 102
34 44 123700
34 46 66308
34 48 26080
34 56 564
34 59 0
34 60 84
34 63 1386
34 65 86348
34 98 228
34 100 84
34 101 336
34 102 0
34 107 72
34 110 204
34 115 0
34 143 362
34 146 48
34 155 0
34 158 138
34 159 452
34 168 174
34 171 470336
34 172 24
34 176 76
34 177 6956
34 183 167184
34 185 492
34 187 458
34 192 174
34 199 232
34 201 24
34 220 66
34 223 540
34 229 12
34 233 292
34 241 80
34 248 293708
34 250 54
34 251 3892
35 63 70244
35 65 12
35 69 52
35 94 312
35 134 20
35 155 0
35 159 25220
35 160 528
35 181 40
35 186 84
35 193 0
35 206 48536
36 37 360
36 44 348020
36 46 78348
36 48 0
36 50 0
36 53 1524
36 56 120876
36 58 0
36 60 30
36 63 113360
36 64 0
36 65 72068
36 69 60
36 70 12
36 73 44
36 75 12
36 93 0
36 98 0
36 100 68
36 110 312
36 126 78
36 129 1200
36 134 348
36 137 57940
36 142 696
36 146 428
36 150 336
36 155 0
36 157 0
36 159 133852
36 170 1428
36 175 672
36 176 0
36 177 9180
36 185 84
36 200 0
36 222 0
36 226 12
36 229 34528
36 230 762
36 233 30
36 238 120
36 241 0
36 248 414
37 44 138456
37 46 44516
37 53 798
37 65 40252
37 111 360
37 134 0
37 146 0
37 159 672
37 215 900
37 229 14528
37 230 1278
37 257 0
38 40 104580
38 44 41932
38 46 68912
38 48 18740
38 53 180
38 65 39536
38 75 120
38 79 12
38 98 24
38 100 36
38 101 132
38 107 18980
38 113 120
38 115 12
38 119 324
38 126 96
38 135 0
38 140 12
38 168 444
38 183 23100
38 185 22232
38 187 0
38 199 192
38 234 12
38 238 204
38 248 125076
38 250 90
38 253 0
39 40 302424
39 44 97464
39 46 112016
39 48 360
39 53 32
39 56 13788
39 58 0
39 60 396
39 65 91180
39 67 0
39 69 12
39 75 30
39 88 0
39 98 396
39 102 1176
39 107 50460
39 109 240
39 110 528
39 115 1476
39 117 0
39 124 576
39 126 336
39 130 0
39 131 0
39 135 0
39 140 240
39 145 0
39 146 144
39 147 84
39 154 66
39 155 1156
39 157 17764
39 158 120
39 159 2634
39 161 0
39 166 0
39 171 200808
39 172 5384
39 175 84
39 177 44788
39 182 0
39 183 77700
39 185 1294
39 189 408
39 192 8912
39 198 312
39 201 36
39 204 0
39 208 582
39 215 2016
39 235 39272
39 244 0
39 248 341346
40 41 119156
40 42 101252
40 44 753852
40 46 250796
40 48 285460
40 49 72
40 53 336272
40 56 596004
40 59 11508
40 60 117368
40 63 420812
40 64 1580
40 65 360396
40 67 0
40 75 25340
40 77 0
40 79 191912
40 80 40688
40 83 54796
40 85 447500
40 88 0
40 91 85556
40 95 744
40 96 120
40 97 228
40 98 278724
40 99 102788
40 100 154416
40 101 166776
40 102 356840
40 107 342828
40 108 46072
40 109 98632
40 110 254616
40 113 54872
40 115 413668
40 116 191316
40 119 119956
40 123 330
40 124 215376
40 126 138616
40 130 0
40 131 0
40 134 390
40 135 0
40 137 407456
40 140 91344
40 143 77372
40 145 343092
40 146 128556
40 148 69820
40 155 231968
40 157 1309852
40 158 95244
40 159 256368
40 161 62172
40 164 61832
40 166 330532
40 168 320344
40 170 337084
40 171 1135972
40 172 421340
40 175 1112
40 176 900
40 177 882836
40 181 135236
40 183 648900
40 184 299836
40 185 511436
40 187 29152
40 189 312908
40 192 424420
40 193 36
40 198 320496
40 199 153076
40 201 90784
40 206 360
40 208 3456
40 209 122988
40 210 299592
40 214 175816
40 215 249788
40 217 70868
40 220 580
40 229 213856
40 230 0
40 233 124704
40 234 79636
40 235 702368
40 238 0
40 240 1236
40 241 222
40 248 1552696
40 251 465584
40 255 353876
41 42 24
41 46 55036
41 53 192
41 80 216
41 98 1068
41 100 324
41 109 84
41 143 84
41 157 0
41 159 972
41 164 12
41 168 6
41 171 26024
41 172 0
41 177 2016
41 183 34468
41 185 0
41 189 756
41 192 1912
41 233 2016
41 234 696
41 248 69148
42 44 38500
42 46 82628
42 64 112
42 65 456
42 91 468
42 98 36
42 109 0
42 115 0
42 126 0
42 143 36
42 155 56392
42 158 360
42 159 348
42 163 12
42 172 138
42 185 0
42 192 1428
42 196 2544
42 199 588
42 234 24
42 241 42
42 248 13772
42 253 84
42 118 0
43 63 30288
43 124 0
43 193 0
43 210 0
44 44 360
44 46 626012
44 48 1206488
44 49 122868
44 53 895336
44 54 120
44 56 1945520
44 58 288724
44 60 322048
44 63 2039412
44 64 465510
44 65 1835988
44 67 0
44 68 73384
44 69 84
44 71 119872
44 77 101180
44 78 74900
44 80 144000
44 85 1004692
44 88 194432
44 93 0
44 95 528208
44 96 120
44 97 222212
44 98 130672
44 100 109806
44 101 232214
44 102 717428
44 105 507528
44 107 1216916
44 109 29210
44 110 923528
44 111 348020
44 113 65708
44 115 136296
44 123 122188
44 124 1148016
44 126 150776
44 128 61648
44 134 84924
44 135 5274
44 137 2441340
44 140 86804
44 142 104664
44 143 187164
44 145 3369980
44 146 499504
44 147 0
44 150 446776
44 152 180
44 155 352580
44 157 2446036
44 158 345328
44 159 1927428
44 161 738
44 166 33608
44 168 725524
44 170 507964
44 171 3680052
44 172 212056
44 175 276456
44 176 734592
44 177 1948124
44 179 12
44 181 2636
44 182 198380
44 183 1475644
44 184 1884628
44 185 631568
44 187 77652
44 188 578796
44 189 519800
44 192 636560
44 196 188874
44 198 275548
44 199 68172
44 200 104320
44 201 362812
44 202 576
44 204 329132
44 205 80804
44 206 641788
44 208 383308
44 209 1168828
44 210 2655736
44 214 109756
44 215 86868
44 216 43568
44 217 1213392
44 222 111932
44 223 183520
44 224 63320
44 225 100316
44 226 159492
44 229 1355860
44 230 1890
44 233 288360
44 234 1614
44 235 1382552
44 238 95508
44 240 431196
44 241 283076
44 244 0
44 247 0
44 248 3178900
44 250 63448
44 251 259024
44 253 171760
44 255 4632
45 195 264
45 204 0
45 210 29892
46 48 378252
46 49 62580
46 53 326140
46 54 188
46 56 389068
46 58 67804
46 59 49336
46 60 164244
46 63 327492
46 64 111488
46 65 431080
46 66 504
46 71 0
46 73 30
46 75 65352
46 77 110020
46 80 59248
46 85 266476
46 88 119756
46 91 138
46 93 52
46 94 6
46 95 179100
46 97 71496
46 98 190948
46 100 152016
46 101 134648
46 102 239368
46 103 552
46 105 152508
46 107 206004
46 108 42140
46 109 119144
46 110 201964
46 111 78348
46 113 72088
46 115 219372
46 116 30
46 119 100140
46 123 78464
46 124 239928
46 126 173756
46 134 91560
46 135 0
46 137 532456
46 140 212760
46 143 86452
46 145 561236
46 146 266960
46 147 12
46 150 85572
46 154 8496
46 155 145876
46 157 363488
46 158 186628
46 159 335164
46 161 26576
46 164 28016
46 166 47968
46 168 206520
46 170 231712
46 171 864448
46 172 180180
46 175 110972
46 176 97544
46 177 451620
46 179 6056
46 181 46108
46 183 298792
46 184 311272
46 185 172532
46 187 147436
46 188 179552
46 189 117396
46 192 275640
46 196 1968
46 198 138896
46 199 68428
46 200 36
46 201 102848
46 204 2160
46 206 775804
46 208 147620
46 209 215604
46 210 213580
46 214 147592
46 215 113420
46 216 63196
46 217 232620
46 220 56572
46 222 52448
46 223 175180
46 226 59132
46 229 218148
46 230 63568
46 233 107440
46 234 45440
46 235 381628
46 238 147712
46 240 24
46 241 76908
46 243 156
46 248 681812
46 251 220060
46 253 53928
46 255 32476
47 98 0
47 113 0
47 199 0
47 229 0
48 48 0
48 49 12
48 53 62144
48 54 108
48 56 196852
48 59 10008
48 60 50452
48 63 181780
48 64 588
48 65 349222
48 69 576
48 73 5344
48 75 32732
48 78 570
48 79 228
48 80 504
48 85 297052
48 87 204
48 88 26256
48 93 234
48 95 73456
48 98 3288
48 100 17028
48 101 43764
48 102 84992
48 107 470720
48 110 87256
48 111 0
48 113 824
48 115 2788
48 116 198
48 123 156
48 124 82064
48 126 12742
48 128 30
48 134 90
48 135 0
48 137 537896
48 140 19496
48 142 2136
48 143 1476
48 145 183324
48 146 56708
48 150 33136
48 152 876
48 155 68536
48 157 397024
48 158 117040
48 159 248144
48 164 216
48 166 1500
48 168 196744
48 170 62804
48 171 735560
48 172 45820
48 175 924
48 176 2100
48 177 367484
48 179 66
48 181 36
48 183 227788
48 184 403888
48 185 24900
48 187 0
48 188 192
48 189 81664
48 192 78744
48 196 1528
48 198 37814
48 199 0
48 200 12
48 201 58412
48 202 0
48 204 710
48 205 80
48 206 2636
48 208 26912
48 209 2408
48 210 68540
48 214 28586
48 216 15184
48 217 3916
48 220 42
48 223 27200
48 226 0
48 229 185820
48 230 12
48 233 57456
48 234 204
48 235 339384
48 238 22616
48 240 96
48 241 564
48 242 2424
48 248 741992
48 249 0
48 251 75816
48 253 1872
48 255 520
49 53 882
49 56 300572
49 58 552
49 63 312552
49 64 0
49 65 468
49 71 600
49 76 28
49 78 1476
49 89 324
49 94 444
49 95 18
49 98 174
49 107 139172
49 109 832
49 110 300
49 124 114
49 125 192
49 137 109812
49 142 324
49 145 107404
49 146 120
49 150 186
49 152 48
49 155 8
49 158 24
49 159 125208
49 168 48
49 170 504
49 175 252
49 176 12
49 177 0
49 182 1704
49 184 140008
49 185 280
49 188 0
49 189 108
49 191 24
49 192 1792
49 204 420
49 206 120200
49 208 636
49 209 152
49 210 41004
49 211 148
49 212 500
49 222 468
49 223 216
49 224 0
49 226 0
49 229 20524
49 238 0
49 240 336
49 248 1230
50 56 0
50 64 0
50 78 0
50 107 0
50 110 0
50 111 0
50 135 0
50 143 0
50 158 0
50 175 592
50 176 0
50 208 0
50 222 0
50 229 36000
50 257 0
52 56 864
52 91 972
52 100 300
52 124 0
52 126 1680
52 140 816
52 145 0
52 155 0
52 168 360
53 56 277936
53 59 108
53 60 0
53 63 124588
53 64 1608
53 65 248696
53 69 0
53 71 0
53 77 0
53 80 522
53 85 71508
53 87 180
53 91 24
53 93 66
53 95 276
53 98 1552
53 100 616
53 101 606
53 102 44384
53 107 186768
53 108 0
53 110 390
53 111 1524
53 115 1414
53 123 0
53 124 428
53 125 120
53 126 174
53 129 1308
53 134 368
53 137 279748
53 143 252
53 145 13268
53 146 708
53 150 606
53 152 44
53 155 94476
53 157 80364
53 158 36028
53 159 195232
53 161 324
53 163 0
53 166 20372
53 168 73424
53 170 1932
53 171 413380
53 172 1168
53 176 1068
53 177 229960
53 179 176
53 181 600
53 183 162296
53 184 232636
53 185 45328
53 189 2328
53 192 45476
53 196 1380
53 198 294
53 199 0
53 201 552
53 202 372
53 204 3540
53 205 102
53 206 732
53 208 3652
53 209 3564
53 210 3298
53 214 2508
53 216 84
53 217 2910
53 220 0
53 226 0
53 229 118576
53 230 1086
53 233 774
53 234 12
53 235 204572
53 238 0
53 240 504
53 241 312
53 247 48
53 248 532756
53 251 3240
53 255 240
54 56 277452
54 71 0
54 107 434968
54 110 24
54 113 0
54 115 120
54 130 12
54 135 0
54 143 800
54 145 0
54 147 1260
54 161 120
54 174 1032
54 175 0
54 196 2652
54 208 0
54 229 648
54 240 0
54 241 376
55 185 0
56 56 0
56 60 157280
56 63 1473940
56 64 187084
56 65 620464
56 69 552
56 71 781316
56 74 1060
56 77 0
56 78 930
56 80 264688
56 85 234528
56 87 113576
56 88 55148
56 89 122092
56 95 58296
56 97 72
56 98 93442
56 100 74684
56 101 1362
56 102 218628
56 105 279856
56 107 2711832
56 109 179638
56 110 418592
56 111 120876
56 113 145614
56 115 226980
56 117 0
56 121 4568
56 123 36
56 124 767108
56 125 177000
56 126 88080
56 130 9242
56 131 650
56 135 102408
56 137 1603542
56 138 80744
56 140 1952
56 143 619460
56 144 41004
56 145 2335958
56 146 180900
56 147 568648
56 150 0
56 152 252964
56 154 1224
56 155 379356
56 157 1688426
56 158 254556
56 159 734084
56 161 17352
56 163 22044
56 164 35952
56 166 2952
56 168 444804
56 170 991796
56 171 1883072
56 172 170956
56 173 0
56 174 345644
56 175 699912
56 176 262744
56 177 1300120
56 181 138364
56 182 49116
56 183 675672
56 184 1369778
56 185 285668
56 187 2704
56 188 333812
56 189 68704
56 192 503188
56 193 438
56 196 284068
56 197 864
56 198 155096
56 201 1416
56 202 0
56 204 501736
56 206 751628
56 207 84272
56 208 1694592
56 209 826428
56 210 1616164
56 212 33972
56 215 3370
56 217 709532
56 220 187272
56 222 738
56 224 868
56 226 170884
56 229 734590
56 233 2238
56 234 24
56 235 645544
56 237 41032
56 238 0
56 240 587592
56 241 774048
56 243 102420
56 247 87608
56 248 1881334
56 251 239316
56 252 77512
56 253 252136
56 255 1002
58 60 48
58 63 30672
58 65 60996
58 69 36
58 75 88
58 80 112
58 111 0
58 113 96
58 115 1704
58 126 156
58 142 64
58 155 48632
58 159 103624
58 177 18652
58 181 12
58 182 0
58 192 636
58 196 2364
58 206 0
58 229 0
58 230 36
58 241 0
59 60 612
59 65 1320
59 102 1368
59 107 288
59 115 108
59 126 804
59 146 728
59 157 0
59 159 1014
59 171 66624
59 172 108
59 175 80
59 177 0
59 183 3564
59 185 1758
59 187 580
59 208 120
59 215 18
59 229 324
59 233 1400
59 235 2736
59 248 516
60 63 0
60 64 12
60 65 104124
60 69 576
60 71 0
60 85 2064
60 87 48
60 88 0
60 95 0
60 98 396
60 100 240
60 101 0
60 102 0
60 107 50276
60 109 692
60 111 30
60 113 90
60 114 0
60 116 12
60 123 12
60 124 304
60 135 0
60 137 432
60 140 0
60 145 0
60 146 0
60 155 24540
60 157 52728
60 158 12332
60 159 66092
60 164 0
60 166 2604
60 168 8
60 170 0
60 171 93256
60 172 12
60 174 36
60 176 360
60 177 126708
60 181 1268
60 182 0
60 183 64284
60 184 0
60 185 54512
60 187 126
60 188 312
60 189 704
60 192 232
60 198 768
60 199 0
60 200 100
60 201 0
60 204 120
60 205 12
60 206 4
60 208 108
60 209 0
60 210 0
60 214 0
60 215 480
60 217 0
60 221 84
60 222 60
60 223 0
60 229 34352
60 231 0
60 233 210
60 234 184
60 235 92720
60 238 0
60 240 0
60 241 48
60 248 193076
60 250 270
60 251 408
60 253 0
62 146 0
62 202 0
62 208 0
62 229 20452
63 64 240280
63 65 398692
63 69 702
63 71 153520
63 74 1704
63 76 65864
63 78 84152
63 80 24852
63 85 104244
63 88 0
63 89 96208
63 93 1008
63 94 141760
63 95 3328
63 98 0
63 101 0
63 102 4308
63 105 170116
63 107 1051224
63 109 120
63 110 262660
63 111 113360
63 115 270
63 124 673948
63 137 1388676
63 142 111788
63 143 62508
63 145 2066984
63 146 392
63 147 792
63 150 85032
63 152 228
63 153 29376
63 154 0
63 155 234104
63 157 512500
63 158 320324
63 159 1166912
63 160 77536
63 168 235012
63 170 411028
63 171 1409112
63 172 804
63 175 334076
63 176 546120
63 177 676284
63 183 634532
63 184 1459060
63 185 256492
63 187 272
63 188 713784
63 189 348
63 191 2232
63 192 12264
63 193 128844
63 196 325632
63 197 57876
63 198 1208
63 201 150
63 202 17216
63 204 473124
63 206 918840
63 208 243900
63 209 697720
63 210 1949664
63 212 91712
63 213 17604
63 215 2136
63 217 926248
63 221 516
63 222 144008
63 224 210504
63 226 82628
63 229 526808
63 233 732
63 235 382540
63 238 0
63 239 2124
63 240 314160
63 241 164856
63 248 1470280
63 251 2348
63 253 178636
64 65 104902
64 69 12
64 76 12
64 78 24
64 89 1164
64 93 0
64 95 84
64 98 90
64 100 240
64 101 42
64 102 72
64 107 46656
64 109 84
64 110 988
64 111 0
64 123 48
64 124 0
64 125 24
64 126 108
64 137 62552
64 140 24
64 145 738
64 146 0
64 150 0
64 155 78792
64 158 39012
64 159 212396
64 161 108
64 170 1242
64 171 1428
64 172 148
64 175 588
64 176 0
64 177 3966
64 182 0
64 183 0
64 184 85132
64 185 384
64 187 0
64 188 0
64 196 2844
64 199 12
64 200 0
64 202 0
64 204 0
64 205 336
64 206 462
64 210 468
64 212 104
64 220 80
64 222 36
64 224 0
64 229 71400
64 233 0
64 234 6
64 248 27264
64 249 0
65 65 287708
65 69 33044
65 71 244
65 73 64104
65 75 103108
65 77 66624
65 78 216
65 80 27128
65 83 0
65 85 790884
65 88 125436
65 95 511024
65 97 209040
65 98 119884
65 100 107472
65 101 122448
65 102 224844
65 105 18720
65 107 640880
65 108 0
65 109 35424
65 110 382028
65 111 72068
65 113 38412
65 114 0
65 115 171860
65 119 19348
65 123 197516
65 124 287800
65 126 100328
65 128 222
65 134 270612
65 135 10500
65 137 885316
65 140 111564
65 142 43028
65 143 64816
65 145 734772
65 146 149808
65 150 307332
65 152 1556
65 155 398844
65 157 1097096
65 158 332016
65 159 1106972
65 166 100064
65 168 414412
65 170 219044
65 171 1488372
65 172 169092
65 175 66828
65 176 108192
65 177 1200936
65 181 2648
65 182 1368
65 183 474032
65 184 979580
65 185 252788
65 187 83164
65 188 52144
65 189 240928
65 192 216632
65 193 36
65 196 2016
65 197 288
65 198 96684
65 199 59872
65 200 13144
65 201 164092
65 202 0
65 203 0
65 204 3284
65 205 242020
65 206 223868
65 208 133712
65 209 196332
65 210 272252
65 214 131152
65 215 48084
65 217 296516
65 220 32468
65 222 42
65 223 127200
65 224 1624
65 226 28436
65 229 407072
65 230 56540
65 233 173784
65 234 348
65 235 869764
65 236 1452
65 238 83272
65 240 3904
65 241 42748
65 248 1335790
65 249 492
65 250 66792
65 251 330672
65 253 28244
65 255 786
65 257 0
65 118 0
66 155 0
67 145 0
67 157 0
67 171 0
67 244 0
68 229 1584
69 93 0
69 95 0
69 98 54
69 100 60
69 101 102
69 110 144
69 111 60
69 113 56
69 124 312
69 137 4206
69 146 0
69 150 692
69 155 240
69 157 516
69 158 0
69 159 236572
69 171 0
69 172 66
69 176 48
69 177 1908
69 183 432
69 185 198
69 198 114
69 200 0
69 205 12
69 210 24
69 221 12
69 223 42
69 233 696
69 241 0
70 111 12
70 137 3936
70 159 45608
71 75 0
71 88 0
71 89 1996
71 94 312
71 107 362256
71 109 1620
71 110 200
71 113 504
71 115 18
71 124 84
71 125 1044
71 126 156
71 129 6816
71 134 0
71 135 0
71 137 148984
71 140 264
71 143 3132
71 145 89920
71 146 0
71 147 22036
71 152 84
71 155 56
71 157 604
71 168 12472
71 170 3796
71 171 2260
71 172 222
71 174 24256
71 175 0
71 176 300
71 183 212
71 184 509176
71 185 84
71 188 6028
71 192 1770
71 196 3968
71 198 476
71 202 0
71 204 2448
71 206 38578
71 208 149428
71 209 45936
71 210 25732
71 212 24
71 214 0
71 217 2200
71 220 0
71 223 0
71 224 422
71 229 176
71 235 5864
71 238 0
71 240 1544
71 242 0
71 248 19888
71 251 220
71 253 180
71 255 1584
71 257 0
73 77 12
73 98 276
73 110 516
73 111 44
73 115 12
73 126 56
73 171 0
73 176 24
73 183 96448
73 198 108
73 201 172
73 233 0
73 238 156
73 241 12
75 83 0
75 101 204
75 110 78
75 111 12
75 116 30
75 126 24
75 140 42
75 143 100
75 176 72
75 183 72328
75 185 72736
75 233 156
76 137 13940
76 145 35728
76 153 2756
76 184 69936
76 188 91904
76 196 3000
76 204 36
76 206 65516
76 210 193180
76 217 103716
76 240 1792
76 253 6
76 256 696
77 103 12
77 110 17376
77 130 102
77 134 12
77 135 0
77 146 0
77 155 45536
77 158 276
77 163 18
77 187 36
77 193 0
77 196 2076
77 201 76
77 229 10840
77 233 24
78 95 12
78 96 756
78 101 48
78 107 840
78 115 126
78 124 1180
78 137 35492
78 150 12
78 154 4008
78 159 376052
78 168 120
78 170 4200
78 171 730
78 175 12
78 177 72
78 184 684
78 185 192
78 187 276
78 188 522
78 192 120
78 196 282
78 200 0
78 206 48
78 222 0
78 224 0
78 229 0
78 240 594
78 248 246
79 83 0
79 98 0
79 100 72
79 101 72
79 115 48
79 119 24
79 124 1032
79 158 288
79 177 0
79 199 12
79 248 948
79 255 1264
80 85 504
80 88 72
80 91 840
80 94 564
80 101 64
80 107 71480
80 109 54
80 110 0
80 113 156
80 115 468
80 126 1434
80 131 0
80 140 1536
80 145 23416
80 152 84
80 155 95888
80 158 36
80 159 30088
80 171 42908
80 172 108
80 182 564
80 183 612
80 199 108
80 201 264
80 206 20452
80 210 72
80 229 22408
80 241 0
80 242 1836
80 248 312
81 184 59344
82 130 12
82 146 12
82 155 8268
83 135 0
83 146 0
84 137 66304
84 206 1128
85 98 0
85 100 564
85 102 34464
85 107 181156
85 110 359104
85 115 0
85 124 2780
85 126 0
85 137 440
85 145 764
85 146 0
85 150 10104
85 155 60896
85 157 115804
85 158 256268
85 159 529528
85 168 912
85 170 428
85 171 1210696
85 172 2556
85 177 47428
85 183 415712
85 184 1776
85 185 180096
85 187 2492
85 188 528
85 189 103876
85 192 1052
85 196 36
85 198 20484
85 201 8082
85 204 1584
85 206 0
85 208 324
85 209 68
85 210 2342
85 215 0
85 217 0
85 222 648
85 229 173612
85 233 2664
85 235 23356
85 248 554648
85 251 0
85 253 96
87 98 150
87 155 59984
87 164 60
87 171 72
87 183 78
87 198 120
87 248 54
88 98 0
88 100 0
88 107 0
88 110 25116
88 113 264
88 115 0
88 123 528
88 124 0
88 126 96
88 135 0
88 143 660
88 145 0
88 146 0
88 152 0
88 155 0
88 157 2136
88 159 100
88 168 0
88 171 108
88 172 456
88 177 0
88 183 0
88 184 3972
88 188 0
88 198 468
88 199 0
88 201 12
88 202 0
88 209 0
88 210 0
88 217 0
88 223 184
88 226 24
88 229 0
88 233 90
88 238 0
88 248 264
88 257 0
89 115 0
89 124 768
89 137 116192
89 140 1428
89 145 234696
89 153 396
89 155 516
89 160 0
89 176 144
89 184 128312
89 186 0
89 188 30396
89 196 940
89 204 0
89 206 104560
89 208 100
89 209 208
89 210 98292
89 212 48
89 217 52624
89 222 92
89 223 1080
89 229 0
89 240 228
89 246 1660
89 253 52
91 100 1068
91 109 18
91 113 24
91 115 0
91 126 1198
91 140 1314
91 143 12
91 155 42332
91 157 17120
91 168 1832
91 173 0
91 177 0
91 185 1452
91 226 24
91 235 6756
91 241 132
91 242 1656
91 248 84
92 157 0
92 171 0
93 95 0
93 110 0
93 111 0
93 124 162
93 150 888
93 155 0
93 158 228
93 159 181664
93 168 60
93 170 1848
93 182 0
93 185 318
93 201 42
93 204 0
93 222 0
93 229 60
93 241 0
93 248 156
94 96 0
94 107 0
94 124 0
94 145 972
94 155 124
94 158 0
94 159 2440
94 161 0
94 184 46868
94 193 0
94 197 588
94 206 74984
94 211 48
94 212 276
94 229 504
94 238 1344
94 240 0
95 98 540
95 100 492
95 101 96
95 107 53224
95 110 4
95 113 0
95 115 1380
95 124 690
95 126 12
95 130 60
95 145 894
95 146 0
95 150 600
95 155 64420
95 157 2274
95 158 86328
95 159 288324
95 168 1402
95 170 672
95 171 24658
95 175 12
95 176 108
95 177 55516
95 182 0
95 183 74140
95 184 204
95 185 0
95 188 828
95 189 120
95 192 1380
95 198 216
95 201 0
95 204 880
95 206 48
95 209 72
95 210 788
95 220 0
95 222 414
95 226 24
95 229 0
95 233 912
95 235 62936
95 248 4368
96 128 48
96 134 24
96 143 0
96 155 0
96 159 53020
96 160 0
96 176 546
96 191 1032
96 206 137020
96 210 0
96 217 37704
96 224 5708
96 229 198
97 100 156
97 107 732
97 110 1164
97 123 228
97 124 648
97 135 0
97 140 12
97 142 42
97 143 60
97 146 600
97 155 252
97 158 31884
97 159 236584
97 166 822
97 171 222
97 172 48
97 175 24
97 183 444
97 188 594
97 192 416
97 193 42
97 196 12
97 206 36
97 209 144
97 214 918
97 215 204
97 222 144
97 229 332
97 233 36
97 248 3306
97 253 102
98 98 0
98 100 0
98 101 438
98 102 384
98 107 77016
98 109 12
98 110 624
98 111 0
98 115 276
98 119 24
98 123 12
98 124 616
98 126 0
98 130 0
98 134 414
98 140 192
98 142 78
98 143 12
98 146 1572
98 150 0
98 155 27152
98 157 40626
98 158 306
98 159 25096
98 161 72
98 164 36
98 166 78
98 168 608
98 170 0
98 171 295556
98 172 372
98 175 0
98 176 144
98 177 128436
98 183 84684
98 184 0
98 185 30884
98 187 0
98 189 0
98 192 1132
98 198 1890
98 199 0
98 200 144
98 201 132
98 205 0
98 206 90
98 208 48
98 214 84
98 216 204
98 220 0
98 223 420
98 226 132
98 229 1248
98 233 324
98 234 1836
98 235 71216
98 248 296102
98 249 0
98 250 0
98 251 408
98 253 120
98 255 0
99 158 1044
100 101 264
100 107 49480
100 108 0
100 109 0
100 110 392
100 111 68
100 115 0
100 116 12
100 119 0
100 123 244
100 124 12
100 126 184
100 135 0
100 140 852
100 146 160
100 155 63492
100 158 0
100 159 15376
100 168 594
100 171 114248
100 177 108444
100 181 36
100 183 44832
100 185 36
100 187 60
100 192 6118
100 198 354
100 199 288
100 201 312
100 205 188
100 208 0
100 234 1310
100 235 52704
100 241 680
100 242 852
100 248 237960
100 251 90
100 255 12
101 107 240
101 109 174
101 110 0
101 120 0
101 123 24
101 124 444
101 126 200
101 134 774
101 140 174
101 143 90
101 145 0
101 146 92
101 150 0
101 155 324
101 157 1770
101 159 38960
101 166 1164
101 171 276
101 172 0
101 175 4016
101 176 108
101 177 13268
101 183 131096
101 185 65808
101 187 0
101 189 0
101 198 0
101 201 24
101 209 240
101 216 0
101 220 108
101 229 12
101 230 0
101 248 95400
101 254 0
102 107 45852
102 109 0
102 110 34020
102 113 516
102 115 24340
102 124 2652
102 126 1080
102 137 74628
102 145 9686
102 146 0
102 147 0
102 150 360
102 155 2064
102 157 387416
102 158 31632
102 159 171576
102 160 0
102 163 1464
102 166 1860
102 168 36652
102 170 7552
102 171 86748
102 172 2204
102 175 840
102 176 464
102 177 567436
102 183 439268
102 184 98652
102 185 95816
102 187 24
102 188 2656
102 189 0
102 192 64820
102 196 1724
102 198 1270
102 201 14324
102 202 0
102 208 2068
102 209 8624
102 210 3578
102 215 240
102 217 2400
102 223 1558
102 229 58444
102 233 5728
102 234 1692
102 235 342768
102 238 0
102 240 594
102 248 911664
102 251 236284
103 109 12
103 119 72
103 146 432
103 155 27984
105 107 301824
105 110 1844
105 124 0
105 137 394140
105 145 2026520
105 150 0
105 155 2064
105 157 3576
105 159 345476
105 171 132360
105 177 364
105 183 0
105 184 196248
105 185 0
105 188 253688
105 196 17552
105 204 160180
105 206 189772
105 209 170276
105 210 1295636
105 217 454556
105 224 12168
105 235 524
105 238 0
105 248 0
107 107 0
107 109 64928
107 110 221984
107 113 233968
107 115 242100
107 116 132
107 124 362192
107 125 84672
107 126 63560
107 130 192956
107 131 89072
107 135 59436
107 137 1056396
107 140 49348
107 142 0
107 143 193048
107 145 1366168
107 146 115188
107 147 166144
107 152 416520
107 155 246728
107 156 0
107 157 1143932
107 158 86944
107 159 556864
107 161 87060
107 163 48748
107 164 24
107 166 0
107 168 397336
107 170 1494524
107 171 1437120
107 172 66460
107 174 231196
107 175 380808
107 176 185052
107 177 930432
107 181 119312
107 183 571148
107 184 1185636
107 185 156320
107 187 828
107 188 224544
107 189 16340
107 192 229526
107 196 171180
107 197 320
107 198 52734
107 201 1260
107 202 0
107 204 206112
107 205 1680
107 206 499804
107 207 21968
107 208 1062488
107 209 549304
107 210 960592
107 214 29060
107 215 46958
107 217 485588
107 220 92648
107 222 816
107 224 120
107 229 400340
107 234 38688
107 235 557260
107 237 16988
107 238 0
107 240 209740
107 241 394940
107 243 41472
107 245 18808
107 247 29012
107 248 1274028
107 251 217496
107 253 64052
108 146 0
108 155 0
108 180 0
108 189 0
108 192 0
108 199 0
108 215 0
109 110 104
109 126 0
109 135 52
109 152 60
109 155 57480
109 157 1464
109 159 504
109 161 0
109 171 14488
109 175 180
109 177 58740
109 183 720
109 185 340
109 187 160
109 189 0
109 192 30
109 198 408
109 199 0
109 215 0
109 216 84
109 226 60
109 229 468
109 235 36064
109 240 384
109 241 64
109 248 166808
110 111 312
110 113 0
110 115 32296
110 124 63556
110 126 0
110 134 444
110 135 0
110 137 493120
110 142 0
110 143 564
110 145 211252
110 146 372
110 147 0
110 150 0
110 155 182032
110 157 242996
110 158 66328
110 159 331872
110 161 228
110 168 424
110 170 37488
110 171 386168
110 172 772
110 175 504
110 176 0
110 177 532992
110 181 672
110 182 0
110 183 192000
110 184 387848
110 185 79440
110 187 84
110 188 328
110 189 3824
110 192 42024
110 193 402
110 196 1848
110 198 236
110 200 0
110 201 672
110 202 660
110 204 768
110 205 246
110 206 654
110 208 2100
110 209 4476
110 210 39232
110 214 68268
110 215 1718
110 216 252
110 217 2628
110 220 0
110 222 12
110 223 34104
110 224 24
110 229 50720
110 230 948
110 231 0
110 233 408
110 235 392324
110 240 768
110 241 2344
110 248 462932
110 251 3392
110 253 12
111 126 78
111 129 1200
111 134 348
111 137 57940
111 142 696
111 146 428
111 150 336
111 155 0
111 157 0
111 159 133852
111 170 1428
111 175 672
111 176 0
111 177 9180
111 185 84
111 200 0
111 222 0
111 226 12
111 229 34528
111 230 762
111 233 30
111 238 120
111 241 0
111 248 414
113 124 1224
113 126 12
113 130 0
113 131 0
113 134 48
113 135 12
113 137 4662
113 143 0
113 145 0
113 146 0
113 152 0
113 154 102
113 155 100708
113 158 504
113 159 1380
113 161 0
113 168 30
113 170 0
113 171 1072
113 172 168
113 174 596
113 175 204
113 176 24
113 177 48836
113 182 0
113 183 344
113 184 13316
113 185 120
113 187 48
113 192 80
113 196 2172
113 198 678
113 204 0
113 208 0
113 209 1820
113 210 36
113 220 0
113 223 84
113 226 60
113 229 864
113 241 0
113 248 67222
113 255 12
114 123 0
114 134 0
114 210 0
114 229 3888
114 257 0
115 123 594
115 126 24
115 134 444
115 135 12
115 137 10060
115 140 132
115 145 6132
115 146 1144
115 150 264
115 152 72
115 155 109536
115 157 403840
115 158 24
115 159 85748
115 168 137360
115 170 51224
115 171 382832
115 172 91368
115 175 1500
115 176 1134
115 177 64
115 183 333180
115 184 20288
115 185 4572
115 187 24
115 188 852
115 189 4700
115 192 92
115 198 700
115 204 24
115 206 3900
115 208 1844
115 209 7084
115 210 3492
115 215 0
115 217 832
115 223 564
115 229 51012
115 233 1542
115 234 36
115 235 106528
115 240 636
115 241 792
115 248 632612
115 250 36
116 119 30
116 124 144
116 126 60
116 140 18
116 155 186
116 158 162
116 161 54
116 187 66
116 234 12
117 185 14940
117 229 0
119 126 0
119 146 12
119 155 30948
119 168 10420
119 177 24876
119 183 96
119 192 6
119 215 8
119 229 72
119 255 12
120 185 20624
122 155 0
122 226 0
122 229 17008
123 124 0
123 126 102
123 140 78
123 143 212
123 159 46736
123 168 528
123 172 252
123 175 126
123 201 516
123 216 312
123 229 228
123 248 96
124 126 132
124 130 0
124 134 2124
124 135 0
124 137 355180
124 143 9040
124 145 276680
124 146 11588
124 147 680
124 150 480
124 152 480
124 154 342
124 155 167040
124 157 60044
124 158 135368
124 159 304276
124 161 84
124 166 156
124 168 170536
124 170 54284
124 171 270676
124 172 1128
124 175 139740
124 176 1852
124 177 178208
124 183 101936
124 184 427900
124 185 2256
124 186 528
124 187 474
124 188 44868
124 189 19392
124 192 20648
124 196 8164
124 198 786
124 200 102
124 201 192
124 202 0
124 203 0
124 204 50212
124 206 181568
124 208 67244
124 209 65732
124 210 111788
124 214 2700
124 215 1816
124 217 45328
124 224 132
124 226 0
124 229 229744
124 233 444
124 235 73372
124 238 0
124 240 10508
124 241 94516
124 247 492
124 248 367756
124 251 456
124 253 0
125 130 12
125 131 0
125 143 48
125 157 0
125 163 8
125 181 24
125 208 0
125 243 4
126 129 2112
126 131 0
126 134 48
126 135 0
126 140 996
126 142 36
126 143 288
126 146 304
126 147 36
126 152 12
126 155 72144
126 159 24100
126 161 0
126 168 12
126 171 41400
126 172 348
126 175 2028
126 177 104484
126 181 36
126 183 26496
126 185 18642
126 187 48
126 189 0
126 192 0
126 196 1452
126 198 132
126 201 126
126 203 0
126 205 48
126 215 12
126 220 116
126 221 24
126 223 120
126 226 300
126 229 388
126 233 96
126 235 67836
126 238 384
126 240 1752
126 241 144
126 242 1632
126 248 183360
126 250 60
126 253 1452
128 135 1860
128 137 2616
128 158 13912
128 159 155340
128 172 24
128 176 72
128 181 24
128 198 24
128 206 1464
128 229 270
129 134 492
129 175 0
129 192 0
129 198 0
129 199 0
129 230 1332
129 248 0
130 131 0
130 146 36
130 155 49660
130 157 0
130 161 0
130 164 24
130 168 1626
130 170 0
130 171 0
130 174 244
130 215 0
130 229 0
131 143 0
131 155 0
131 170 0
131 171 0
131 220 0
131 229 0
131 248 0
133 185 12892
134 137 49800
134 140 24
134 142 12
134 143 0
134 146 252
134 158 9116
134 159 72292
134 160 12
134 168 144
134 171 450
134 172 534
134 183 848
134 202 0
134 214 144
134 216 492
134 222 12
134 229 2028
134 230 1014
134 233 24
134 241 108
134 248 25952
135 140 36
135 143 0
135 145 0
135 146 32
135 147 0
135 152 0
135 155 0
135 156 0
135 161 0
135 171 36
135 181 6
135 182 0
135 184 1104
135 196 1872
135 199 0
135 201 0
135 202 0
135 206 1296
135 208 0
135 220 0
135 229 0
135 238 0
135 242 0
135 257 0
137 137 426
137 143 57996
137 145 2955528
137 146 63360
137 147 50968
137 150 48444
137 153 16012
137 155 93644
137 156 14982
137 157 516488
137 158 302212
137 159 1399332
137 160 1800
137 166 24
137 168 194112
137 170 138936
137 171 1742092
137 172 70700
137 174 48852
137 175 111936
137 176 191820
137 177 255940
137 182 68132
137 183 770724
137 184 2045456
137 185 208536
137 188 629756
137 189 34348
137 192 94996
137 195 1608
137 196 912724
137 200 2100
137 202 29112
137 204 695656
137 206 1071824
137 208 331664
137 209 1032492
137 210 2742212
137 211 22364
137 212 41080
137 217 1094556
137 222 29512
137 224 108820
137 229 367916
137 233 3372
137 235 205874
137 238 2640
137 240 409856
137 241 95500
137 248 878572
137 250 7392
137 251 3348
137 253 57428
138 158 108
138 172 0
138 185 1428
140 146 0
140 155 17564
140 157 0
140 163 36
140 168 666
140 170 786
140 171 29608
140 173 0
140 175 2820
140 176 228
140 177 30732
140 183 228
140 185 222
140 198 12
140 199 36
140 201 0
140 215 168
140 220 0
140 239 1416
140 242 1212
140 248 17544
142 143 3192
142 147 1944
142 159 88652
142 172 84
142 175 1440
142 185 60
142 187 18
142 198 68
142 200 102
142 247 1188
142 248 0
142 250 48
142 253 0
143 145 1032
143 146 156
143 147 0
143 155 165048
143 159 39112
143 170 5524
143 171 19048
143 174 580
143 175 0
143 176 294
143 177 25172
143 183 48
143 184 60804
143 188 464
143 189 492
143 192 128
143 196 3348
143 198 284
143 200 0
143 206 42208
143 208 180
143 210 3648
143 220 0
143 229 92432
143 234 186
143 235 832
143 240 20
143 241 48
143 248 40796
143 253 0
145 145 75148
145 146 2488
145 147 2312
145 150 0
145 153 45532
145 155 184628
145 156 0
145 157 1057744
145 158 137640
145 159 962952
145 166 936
145 168 189348
145 170 204300
145 171 2962572
145 172 1060
145 174 4656
145 175 7470
145 176 6608
145 177 643660
145 183 738932
145 184 2587980
145 185 152436
145 188 911960
145 189 15174
145 192 3536
145 196 457164
145 197 648
145 198 692
145 201 0
145 204 1291120
145 206 1493580
145 208 79984
145 209 648160
145 210 5627208
145 211 153648
145 212 282380
145 217 1735836
145 222 2220
145 224 78232
145 229 403920
145 233 0
145 235 237492
145 238 0
145 240 521236
145 241 6908
145 246 600
145 247 0
145 248 1352106
145 251 336
145 258 50400
146 147 28
146 155 101840
146 157 50364
146 158 11944
146 159 101408
146 161 246
146 163 24
146 164 636
146 166 60
146 168 0
146 170 14744
146 171 111268
146 172 132
146 173 0
146 174 12
146 175 0
146 176 824
146 177 144172
146 181 576
146 183 57760
146 184 63392
146 185 46928
146 187 48
146 188 0
146 189 596
146 192 24
146 193 36
146 196 472
146 198 1524
146 199 0
146 201 132
146 202 0
146 204 1240
146 206 0
146 208 76
146 209 1856
146 210 0
146 215 528
146 216 24
146 217 932
146 220 0
146 222 0
146 223 0
146 224 0
146 226 124
146 229 88796
146 233 0
146 235 94564
146 238 0
146 241 0
146 248 297268
146 249 528
146 251 1012
146 253 702
146 255 516
147 155 68
147 158 24
147 168 5744
147 174 0
147 175 1076
147 176 8
147 183 3048
147 184 33724
147 188 740
147 196 152
147 205 1536
147 206 612
147 208 14832
147 215 0
147 217 1476
147 220 0
147 229 120
147 233 0
147 239 1032
147 240 2406
147 241 1120
147 247 1188
147 251 0
147 253 0
148 183 84
149 166 528
150 155 37596
150 157 12
150 158 68536
150 159 352412
150 170 252
150 171 14788
150 175 1836
150 176 972
150 181 384
150 182 0
150 183 24
150 184 96
150 185 0
150 192 480
150 193 42
150 200 24
150 204 144
150 209 84
150 215 48
150 223 0
150 225 132
150 229 22976
150 230 822
150 233 2628
150 235 13476
150 240 852
150 248 2526
152 155 5256
152 157 520
152 161 0
152 170 96
152 171 114
152 175 0
152 176 24
152 177 108
152 183 42
152 192 284
152 204 332
152 206 354
152 209 152
152 210 60
152 238 0
152 241 156
152 248 278
153 153 0
153 184 47336
153 188 132712
153 206 36462
153 209 0
153 210 139888
153 217 43516
153 222 16
153 253 12
154 171 31848
154 172 486
154 185 364
154 192 364
154 208 360
154 248 2984
155 157 268600
155 158 169012
155 159 444920
155 161 80340
155 163 48412
155 164 77204
155 168 146640
155 170 199780
155 171 292144
155 172 1140
155 174 80
155 175 120472
155 176 163408
155 177 284016
155 179 74024
155 181 92784
155 182 0
155 183 106560
155 184 172596
155 185 66004
155 187 0
155 188 732
155 189 276
155 192 90324
155 196 664
155 198 36008
155 199 860
155 200 0
155 201 1072
155 202 6
155 204 0
155 206 252
155 208 151680
155 209 0
155 210 64496
155 214 4828
155 215 0
155 217 81544
155 220 68344
155 222 0
155 223 0
155 224 8
155 226 83576
155 229 154372
155 233 504
155 234 79408
155 235 234928
155 236 1548
155 238 0
155 240 3004
155 241 80176
155 248 321420
155 250 0
155 251 6078
155 253 68676
155 255 1866
156 160 0
156 168 0
156 185 0
156 204 0
156 209 0
156 210 0
157 157 1968
157 158 147224
157 159 565324
157 161 0
157 166 27900
157 167 9340
157 168 263924
157 170 360104
157 171 7276232
157 172 57412
157 173 0
157 174 12
157 175 48532
157 176 2352
157 177 1087168
157 181 28984
157 182 0
157 183 1711612
157 184 289012
157 185 392276
157 188 1992
157 189 197104
157 192 339868
157 196 2200
157 198 46968
157 199 786
157 201 42504
157 202 5112
157 204 4190
157 206 165462
157 208 5272
157 209 14472
157 210 404250
157 214 5248
157 215 288
157 217 107152
157 222 168
157 224 1246
157 226 1416
157 229 327712
157 233 11024
157 234 177348
157 235 962652
157 238 2868
157 240 114
157 241 7992
157 248 2759720
157 251 1396
157 253 132
158 159 533036
158 164 84
158 168 27192
158 170 3480
158 171 312840
158 172 246
158 176 81604
158 177 416668
158 181 108
158 183 137920
158 184 360676
158 185 41736
158 188 162
158 189 0
158 192 1124
158 196 632
158 198 276
158 200 90
158 201 304
158 204 120
158 205 24
158 206 1492
158 208 18176
158 209 1680
158 210 25862
158 214 984
158 217 3060
158 220 0
158 223 336
158 224 84
158 226 48
158 229 101736
158 230 600
158 233 984
158 234 284
158 235 190104
158 240 624
158 241 0
158 248 234548
158 250 24752
158 251 408
158 253 528
158 255 0
159 160 86772
159 161 20148
159 166 4020
159 168 170076
159 170 178156
159 171 967872
159 172 51924
159 175 57108
159 176 319516
159 177 1056564
159 181 43172
159 182 34760
159 183 368960
159 184 1389568
159 185 162112
159 187 17940
159 188 374644
159 189 50648
159 192 169600
159 193 131164
159 196 134324
159 198 43704
159 200 143540
159 201 32128
159 202 0
159 204 169076
159 205 60192
159 206 457156
159 208 125076
159 209 485716
159 210 732456
159 215 3296
159 217 667852
159 221 76436
159 222 283600
159 223 45868
159 224 163960
159 226 40864
159 227 44060
159 229 341976
159 230 1224
159 231 0
159 233 40876
159 235 466048
159 238 0
159 240 136188
159 241 51668
159 248 867124
159 249 71232
159 250 148016
159 251 4026
159 253 55312
159 255 1194
160 168 558
160 185 324
160 188 120
160 189 12
160 204 372
160 206 170284
160 208 108
160 217 81580
160 224 120
160 229 360
161 166 12
161 168 612
161 171 1960
161 172 402
161 175 348
161 176 120
161 177 16480
161 181 0
161 183 960
161 185 172
161 192 84
161 196 1464
161 198 488
161 199 0
161 229 52
161 248 60
161 252 1464
161 127 0
162 210 29820
163 175 0
163 183 0
163 257 0
164 172 192
164 248 1704
164 253 330
166 170 900
166 171 156192
166 175 0
166 177 48
166 183 11268
166 185 13992
166 187 48
166 189 666
166 192 36
166 198 1878
166 201 132
166 202 96
166 209 246
166 210 654
166 229 24
166 233 306
166 235 156
166 248 131052
166 249 0
166 251 0
168 170 193168
168 171 244964
168 172 1968
168 174 2008
168 175 6412
168 176 1820
168 177 334680
168 181 612
168 183 122436
168 184 189116
168 185 70908
168 188 204
168 189 69400
168 192 212352
168 196 3152
168 198 198
168 201 438
168 202 0
168 204 15872
168 205 824
168 206 2190
168 208 54300
168 209 95988
168 210 61308
168 214 600
168 215 486
168 217 52540
168 220 0
168 222 132
168 223 0
168 229 55492
168 233 748
168 234 672
168 235 236040
168 238 0
168 240 12
168 241 212
168 242 720
168 248 573888
168 251 0
168 253 720
168 255 972
170 171 669772
170 172 2114
170 173 0
170 174 1020
170 175 11016
170 176 1242
170 177 375956
170 182 0
170 183 319156
170 184 186432
170 185 65476
170 187 416
170 188 1996
170 189 7364
170 192 31026
170 193 96
170 196 3148
170 197 456
170 198 14592
170 199 27240
170 201 1284
170 204 5678
170 206 147052
170 208 37908
170 209 63408
170 210 139416
170 215 816
170 217 7500
170 220 0
170 224 0
170 229 92208
170 235 245392
170 241 588
170 248 473204
170 249 9588
170 251 1728
171 171 786
171 172 301588
171 175 23392
171 176 42772
171 177 3732976
171 179 492
171 181 23244
171 183 219100
171 184 1036532
171 185 567428
171 187 201514
171 188 88572
171 189 147480
171 192 725184
171 196 13772
171 198 251826
171 199 22888
171 201 605364
171 202 0
171 204 92360
171 205 556
171 206 562020
171 208 65044
171 209 661900
171 210 2335138
171 214 120864
171 215 163052
171 216 0
171 217 659356
171 222 282
171 223 2584
171 224 990
171 229 424488
171 233 476100
171 234 25344
171 235 1910680
171 238 228
171 240 40792
171 241 21248
171 244 0
171 248 2912924
171 249 0
171 251 2440420
171 253 0
171 255 58682
172 172 84
172 175 600
172 177 187112
172 181 468
172 183 258052
172 184 276
172 185 52336
172 188 88
172 189 0
172 192 3792
172 198 896
172 199 0
172 201 294
172 204 876
172 205 96
172 206 744
172 208 2348
172 209 9032
172 214 336
172 215 174
172 221 24
172 226 66
172 229 56028
172 233 912
172 235 56232
172 241 0
172 248 611392
172 251 1616
172 255 12
174 175 2436
174 177 384
174 184 21464
174 204 884
174 208 5444
174 210 652
174 217 0
174 220 0
174 229 340
174 235 456
174 248 2588
175 177 1900
175 181 336
175 182 1044
175 183 424
175 184 173488
175 185 468
175 188 2264
175 189 108
175 191 1920
175 192 1956
175 196 2178
175 198 444
175 200 1084
175 201 12
175 204 2532
175 206 126376
175 208 13700
175 209 4372
175 210 6060
175 212 2604
175 215 6672
175 216 1092
175 217 1260
175 222 810
175 226 0
175 229 146040
175 230 0
175 235 1972
175 236 1608
175 239 1296
175 240 6510
175 241 0
175 248 12032
175 249 2292
175 251 1392
175 253 0
175 258 936
176 177 14264
176 181 420
176 183 2400
176 184 411196
176 185 1068
176 188 1104
176 192 396
176 196 1156
176 198 540
176 201 72
176 204 2200
176 205 48
176 206 108032
176 208 0
176 209 1360
176 210 6180
176 212 92
176 217 2088
176 222 0
176 223 114
176 224 258
176 229 139700
176 235 10396
176 240 996
176 248 77880
176 251 312
177 179 20036
177 181 96248
177 183 1777144
177 184 321620
177 185 592408
177 188 16176
177 189 398444
177 192 308236
177 194 7200
177 196 72
177 198 85184
177 199 0
177 201 84324
177 202 0
177 204 10508
177 206 316776
177 208 55372
177 209 26764
177 210 122664
177 215 12840
177 216 6156
177 217 226844
177 224 48
177 229 437536
177 233 22112
177 234 72800
177 235 628
177 238 0
177 240 548
177 241 3484
177 247 660
177 248 2331108
177 251 678
177 253 6448
177 86 0
178 229 6244
179 181 24
179 185 108
179 226 132
179 235 1374
180 185 32372
181 183 1440
181 184 1800
181 185 1896
181 192 0
181 198 386
181 234 384
181 235 59220
181 240 60
181 241 56
181 247 0
181 248 9868
181 251 60
181 253 174
182 196 2256
182 217 2100
182 222 0
182 226 888
182 229 33080
183 184 565264
183 185 375992
183 187 133352
183 188 3620
183 189 569328
183 192 721584
183 193 204
183 196 1242
183 198 148000
183 199 43028
183 200 210
183 201 189620
183 202 0
183 204 1264
183 205 420
183 206 167948
183 208 5524
183 209 263676
183 210 493188
183 215 7762
183 216 104984
183 217 207752
183 223 2676
183 224 450
183 226 222
183 229 215540
183 230 100868
183 233 191484
183 234 2408
183 235 1022844
183 238 0
183 239 1428
183 240 3072
183 241 240
183 248 455796
183 251 585856
183 254 62628
183 255 28152
183 258 0
184 185 231976
184 188 726884
184 189 123456
184 191 1320
184 192 245404
184 196 519768
184 198 978
184 204 799660
184 206 1179732
184 208 352216
184 209 1379804
184 210 2369864
184 211 57944
184 212 109780
184 217 1132696
184 222 29424
184 224 198192
184 229 533092
184 233 570
184 235 268768
184 238 0
184 240 502888
184 241 160988
184 247 2292
184 248 966556
184 251 8984
184 253 55664
184 258 101372
185 187 456
185 189 89488
185 192 64360
185 193 36
185 198 57952
185 200 24
185 201 46804
185 204 426
185 205 228
185 206 964
185 208 1984
185 209 74428
185 210 136556
185 214 3072
185 215 2490
185 216 45276
185 217 50348
185 220 0
185 222 1020
185 223 1032
185 224 24
185 226 756
185 229 77992
185 230 0
185 233 56748
185 234 408
185 235 308460
185 240 1004
185 241 288
185 248 573388
185 249 0
185 251 122460
185 255 36
186 188 2836
186 206 53924
186 210 0
186 229 576
187 189 0
187 192 378
187 198 138
187 201 0
187 215 600
187 216 312
187 221 90
187 229 48
187 233 132
187 248 289908
187 253 60
188 188 0
188 189 1500
188 192 468
188 195 14724
188 196 166788
188 197 26336
188 202 0
188 204 466576
188 206 459616
188 208 976
188 209 285716
188 210 1546944
188 212 20020
188 217 673636
188 224 330420
188 229 2058
188 235 16704
188 238 0
188 240 12336
188 248 88576
188 251 660
188 256 198
189 192 48984
189 196 2884
189 201 1998
189 204 554
189 206 188
189 208 3864
189 209 14384
189 210 8916
189 215 0
189 217 2400
189 223 936
189 224 264
189 229 2728
189 233 964
189 235 238144
189 240 592
189 248 955736
189 251 33720
192 196 84
192 198 1230
192 199 528
192 201 408
192 204 12
192 206 1408
192 208 5766
192 209 3360
192 210 15208
192 215 222
192 223 0
192 224 916
192 229 111680
192 233 3230
192 234 1824
192 235 177696
192 238 0
192 240 92
192 241 652
192 248 852396
192 250 468
192 251 2742
192 253 84
192 255 1566
192 257 12
193 201 48
193 206 87812
193 222 0
193 229 186
193 248 440
195 204 0
195 210 71804
195 217 7272
196 197 2880
196 204 84
196 206 305752
196 207 3096
196 208 3904
196 209 88732
196 210 680660
196 217 347224
196 220 2352
196 222 132
196 224 52288
196 225 3072
196 229 2072
196 235 5760
196 239 1968
196 241 3720
196 247 2916
196 248 8830
196 251 260
196 253 2744
196 256 1512
197 206 185432
197 210 612
197 217 156096
197 224 0
197 256 0
198 199 1016
198 201 560
198 202 0
198 205 24
198 206 90
198 208 216
198 210 1116
198 215 132
198 216 84
198 217 336
198 220 552
198 223 132
198 224 210
198 226 136
198 229 30872
198 233 180
198 234 300
198 235 1308
198 241 384
198 248 95936
198 251 600
198 253 492
198 255 228
199 220 0
199 226 80
199 229 12
199 234 732
199 248 57970
199 250 54
200 222 0
200 226 30
200 250 0
201 204 204
201 205 120
201 206 210
201 209 1044
201 210 918
201 215 0
201 216 12
201 217 552
201 229 452
201 233 12
201 235 71784
201 238 0
201 248 421008
201 251 342
201 253 1776
201 255 12
202 204 0
202 208 0
202 209 0
202 210 0
202 217 0
202 224 0
202 229 0
202 238 0
202 248 0
204 204 0
204 206 281664
204 208 1590
204 209 795464
204 210 208200
204 215 420
204 217 519100
204 222 300
204 224 37024
204 229 3476
204 231 0
204 234 2064
204 235 2720
204 240 24388
204 241 472
204 248 156988
204 251 592
204 253 1008
205 210 0
205 223 0
205 229 324
205 248 690
206 208 86644
206 209 421304
206 210 1060140
206 211 136
206 212 68364
206 217 585532
206 224 248192
206 229 168860
206 233 24
206 235 147700
206 238 0
206 240 186120
206 241 91992
206 248 374756
206 249 0
206 251 0
206 253 25732
207 243 0
208 209 8452
208 210 8194
208 211 332
208 212 292
208 214 232
208 217 2104
208 224 864
208 229 116424
208 234 440
208 235 48592
208 240 564
208 241 25088
208 248 149760
208 252 36
208 253 1040
208 257 0
209 210 2464148
209 214 72
209 217 568284
209 222 108
209 224 17568
209 229 101020
209 235 17848
209 238 0
209 240 187460
209 241 10280
209 248 375916
209 251 1288
209 255 2436
210 210 1216
210 211 63528
210 212 164332
210 214 144
210 217 2316368
210 222 0
210 224 102756
210 229 91892
210 235 7688
210 238 0
210 240 49508
210 241 2372
210 246 0
210 248 1114380
210 256 0
210 258 0
211 253 60
212 217 35496
212 240 42
212 253 72
214 229 108
214 235 14148
214 240 84
214 248 57294
215 234 60
215 235 0
215 248 202958
216 248 31788
216 253 3312
217 224 995584
217 229 118940
217 233 210
217 235 7324
217 238 900
217 240 93792
217 241 372
217 247 1116
217 248 370596
217 253 0
217 256 113768
220 226 84
220 233 0
220 234 72
220 238 0
220 241 0
220 253 24
222 224 186
222 229 144
222 240 48
223 233 1278
223 248 786
223 253 600
224 229 240
224 235 264
224 240 1696
224 248 2240
224 253 84
224 256 0
225 229 51936
226 229 22076
226 234 102
226 241 0
226 249 36
226 253 32
229 233 2500
229 235 276128
229 238 0
229 240 0
229 241 115612
229 248 579080
229 253 56268
230 238 48
230 248 54392
233 235 1332
233 248 360300
233 251 3300
233 253 12
234 235 103480
234 248 3788
234 251 61792
234 253 18
234 255 84
235 235 0
235 240 474
235 241 1056
235 248 1389324
235 251 227816
237 243 96
238 253 288
239 247 1044
240 247 564
240 248 29184
240 251 66
240 253 636
241 244 0
241 248 5236
241 249 12
241 250 36
241 253 0
248 248 1088
248 251 633692
248 255 3252
249 253 32
