1 16 0
1 56 132408
1 107 34224
1 147 0
1 196 1776
2 14 70368
2 115 0
2 146 0
2 155 0
2 161 0
2 183 0
2 198 0
2 235 0
3 14 268872
3 16 2556
3 29 84
3 30 5136
3 33 21000
3 34 108
3 40 131700
3 44 457896
3 46 81876
3 48 82932
3 53 468
3 56 2208
3 60 108
3 63 300
3 65 182328
3 71 912
3 77 36
3 85 2616
3 102 360
3 107 7884
3 110 312
3 113 192
3 115 1728
3 124 1176
3 126 24
3 137 85152
3 142 36
3 145 2832
3 146 312
3 155 0
3 158 612
3 159 27132
3 168 12504
3 170 1464
3 171 115584
3 175 1116
3 177 214296
3 183 194316
3 184 7296
3 185 66168
3 189 684
3 192 192
3 204 996
3 206 504
3 208 1056
3 210 1740
3 214 60
3 217 636
3 221 12
3 222 24
3 229 2436
3 233 0
3 235 19116
3 240 2844
3 248 663516
3 251 2964
4 8 74256
4 14 299676
4 16 30360
4 29 1440
4 30 1128
4 31 600
4 40 804
4 44 341532
4 46 127032
4 49 7200
4 53 420
4 54 888
4 56 965460
4 63 518340
4 65 4452
4 71 105540
4 85 204
4 102 3684
4 107 438468
4 110 3144
4 115 6804
4 124 101388
4 137 403548
4 143 3768
4 145 247488
4 146 1080
4 147 38196
4 150 312
4 155 1308
4 157 336
4 159 154572
4 168 17244
4 170 672
4 171 20220
4 172 288
4 174 53880
4 175 1680
4 176 372
4 177 122400
4 183 8388
4 184 926064
4 185 0
4 188 47724
4 189 408
4 192 1824
4 196 8604
4 198 456
4 204 33756
4 206 184620
4 208 20004
4 209 135552
4 210 214476
4 215 480
4 217 73260
4 224 588
4 229 35616
4 235 55020
4 240 105732
4 248 101760
4 251 8256
4 253 300
5 14 71076
5 19 0
5 25 0
5 32 0
5 39 0
5 107 117516
5 125 0
5 155 51408
5 158 0
5 171 0
5 176 24
5 192 0
5 198 0
5 206 0
5 220 0
6 14 95736
6 30 13176
6 40 85344
6 44 101640
6 46 56916
6 48 48552
6 53 672
6 64 24
6 65 77832
6 69 12
6 75 0
6 95 3168
6 109 60
6 110 0
6 123 84
6 126 228
6 146 24
6 150 24
6 155 252
6 157 29556
6 159 924
6 170 84
6 171 84
6 176 48
6 177 15120
6 183 60984
6 184 840
6 185 29664
6 187 0
6 192 0
6 215 36
6 216 17676
6 223 12
6 229 192
6 235 18624
6 241 36
6 248 59832
7 185 0
7 248 11412
8 16 19536
8 24 48
8 31 1380
8 54 1368
8 56 513084
8 60 36
8 63 16440
8 107 172212
8 109 48
8 115 144
8 137 68688
8 143 0
8 145 1344
8 147 0
8 174 0
8 175 336
8 181 60
8 184 31104
8 188 1356
8 196 2316
8 204 48
8 208 408
8 209 1680
8 210 2412
8 215 48
8 224 0
9 14 0
9 30 2160
9 44 82488
9 53 408
9 56 14436
9 63 160740
9 85 468
9 105 65136
9 107 74136
9 109 0
9 110 0
9 137 40572
9 145 65592
9 146 0
9 155 0
9 157 120
9 158 756
9 159 287628
9 170 192
9 171 9972
9 184 81372
9 188 72720
9 192 516
9 202 0
9 206 111276
9 210 1704
9 217 1136796
9 224 3660
9 238 0
9 248 7896
11 12 72
11 14 67404
11 36 0
11 41 36
11 44 161832
11 46 50880
11 53 84
11 60 36
11 64 0
11 65 73404
11 88 12
11 98 84
11 101 12
11 102 480
11 110 0
11 111 0
11 155 0
11 158 59160
11 159 87048
11 168 60
11 200 0
11 222 24
11 226 0
11 248 72
12 14 156216
12 40 173760
12 46 52620
12 54 36
12 65 47748
12 77 36
12 100 0
12 107 36348
12 110 0
12 158 0
12 159 19584
12 171 34560
12 177 19404
12 185 408
13 40 12156
14 15 161868
14 16 365208
14 18 228
14 19 332232
14 23 288
14 24 359652
14 25 551100
14 26 96
14 28 211644
14 29 84816
14 30 1267248
14 33 563712
14 34 57384
14 38 128772
14 39 523596
14 40 1020120
14 41 71724
14 42 124632
14 44 2267220
14 46 531600
14 48 839556
14 49 151464
14 52 80160
14 53 477600
14 54 45624
14 56 2097456
14 58 236208
14 59 358392
14 60 593484
14 63 1292244
14 64 84144
14 65 1452612
14 66 118428
14 67 0
14 71 186300
14 77 87648
14 79 111816
14 80 126660
14 83 37512
14 85 975408
14 88 73140
14 91 181440
14 95 135300
14 97 20412
14 98 439704
14 100 351504
14 101 137640
14 102 619548
14 104 12096
14 105 380484
14 107 1512432
14 109 326628
14 110 707496
14 113 355008
14 115 1340820
14 119 130812
14 123 22560
14 124 797172
14 126 344604
14 130 108000
14 134 49524
14 135 0
14 137 1481004
14 140 248652
14 143 341208
14 145 2027592
14 146 430368
14 148 52740
14 149 27948
14 150 47628
14 152 288
14 154 339612
14 155 885840
14 157 3569004
14 158 494892
14 159 1021740
14 161 277464
14 163 94152
14 164 192240
14 166 155316
14 167 54840
14 168 442788
14 170 669864
14 171 4583820
14 172 1048944
14 175 225768
14 176 188232
14 177 2406264
14 179 219840
14 181 717564
14 182 67752
14 183 1314660
14 184 925212
14 185 730020
14 187 145428
14 188 413016
14 189 348396
14 192 1033212
14 193 2328
14 196 100320
14 198 698880
14 199 110736
14 201 305700
14 204 285936
14 205 636
14 206 945672
14 208 484920
14 209 794064
14 210 1593648
14 214 626616
14 215 757212
14 216 75420
14 217 687204
14 220 152220
14 223 95244
14 224 3012
14 226 53076
14 229 520356
14 233 280488
14 234 446436
14 235 1739160
14 238 73932
14 240 222672
14 241 157116
14 242 0
14 248 3756168
14 251 1130388
14 253 276324
14 255 120996
15 40 79800
16 17 528
16 23 372
16 25 396
16 26 120
16 30 504
16 31 50592
16 33 3024
16 34 252
16 40 732
16 44 527088
16 46 47076
16 48 50652
16 49 1980
16 56 1614168
16 60 0
16 63 348516
16 64 0
16 65 48384
16 71 167352
16 77 24
16 78 36
16 80 432
16 85 36
16 89 120
16 91 84
16 93 24
16 98 12
16 102 2472
16 107 1109076
16 113 5880
16 115 408
16 124 120
16 126 1284
16 135 0
16 137 273864
16 140 240
16 145 304944
16 146 420
16 147 68652
16 155 93204
16 157 4452
16 159 101580
16 168 107088
16 170 48
16 171 248436
16 172 276
16 174 53196
16 175 12300
16 176 684
16 177 115812
16 182 0
16 183 1968
16 184 450792
16 185 120
16 188 3096
16 189 1044
16 192 54528
16 193 228
16 196 2556
16 198 0
16 204 11736
16 206 84744
16 207 0
16 208 0
16 209 63792
16 210 304320
16 212 3120
16 217 16824
16 224 396
16 229 83640
16 235 50832
16 240 1728
16 241 20484
16 248 218904
16 249 3576
16 251 348
16 253 384
17 89 276
17 94 180
17 98 24
17 107 65040
17 137 18120
17 145 58848
17 155 108
17 162 0
17 172 72
17 176 276
17 184 91068
17 206 54324
17 210 27276
17 222 132
17 253 0
18 24 1368
18 30 128928
18 46 44724
18 52 1068
18 53 192
18 64 36
18 65 50604
18 85 1800
18 124 1164
18 155 48
18 157 156
18 159 312
18 171 45972
18 172 2352
18 175 72
18 183 64932
18 187 0
18 192 276
18 210 1452
18 215 1248
18 217 900
18 248 1512
19 31 0
19 40 2568
19 44 59460
19 46 51360
19 53 132
19 54 108
19 56 342084
19 63 0
19 65 24
19 85 0
19 107 272028
19 125 0
19 130 0
19 146 168
19 155 159324
19 158 420
19 159 1560
19 168 168
19 171 51816
19 177 32832
19 192 132
19 208 6288
19 215 0
19 220 0
19 229 35256
19 235 2976
19 243 0
19 248 23976
20 40 0
20 46 0
20 107 50580
20 171 0
20 174 0
21 137 54348
21 217 128544
23 29 6600
23 35 0
23 40 144
23 44 708
23 56 1104
23 63 219396
23 96 3732
23 124 0
23 137 22500
23 145 72
23 146 0
23 155 0
23 159 170016
23 160 8736
23 171 840
23 183 276
23 184 60144
23 188 39492
23 204 144
23 206 169188
23 208 72
23 209 612
23 212 36
23 217 71184
23 222 0
23 224 5496
23 229 180
23 248 48
23 253 12
24 30 36
24 31 0
24 34 1296
24 53 456
24 54 0
24 56 31236
24 107 144876
24 135 0
24 155 156804
24 158 948
24 181 0
24 208 48
24 229 276
24 248 1020
25 30 900
25 31 36
25 34 60
25 40 186780
25 44 236388
25 46 138348
25 48 4092
25 54 0
25 56 219228
25 60 324
25 63 36144
25 64 228
25 65 109068
25 80 132
25 98 108
25 100 180
25 101 192
25 102 1008
25 107 319752
25 110 804
25 115 32064
25 124 13860
25 137 71604
25 140 156
25 145 7344
25 146 51540
25 147 0
25 155 102552
25 157 47136
25 158 840
25 161 0
25 168 117264
25 171 121980
25 172 84
25 175 96
25 176 612
25 177 133272
25 181 0
25 183 30168
25 184 70944
25 185 264
25 188 24
25 189 4644
25 192 972
25 198 0
25 201 84
25 204 552
25 208 4260
25 209 5124
25 210 804
25 223 720
25 229 44388
25 230 648
25 234 0
25 235 132204
25 240 420
25 241 276
25 248 185952
26 44 948
26 56 360
26 63 85380
26 64 12
26 69 48
26 71 0
26 93 0
26 107 0
26 110 480
26 124 264
26 137 59244
26 143 156
26 159 250536
26 170 204
26 189 156
26 208 264
26 222 0
26 229 252
26 248 192
26 253 24
27 36 660
27 65 0
27 111 660
27 182 564
27 185 960
27 192 492
28 38 48
28 44 155100
28 48 72
28 58 0
28 65 45192
28 177 36864
28 202 0
28 220 0
28 229 864
29 30 7344
29 35 0
29 40 36
29 44 68052
29 53 120
29 56 636
29 63 351732
29 64 0
29 65 432
29 71 288
29 102 420
29 107 46488
29 110 312
29 124 444
29 137 153924
29 145 90408
29 146 0
29 155 852
29 157 516
29 159 209244
29 160 7344
29 171 552
29 183 60
29 184 200388
29 186 19620
29 188 366696
29 192 84
29 196 94548
29 204 48504
29 206 436464
29 209 7188
29 210 310344
29 217 500340
29 224 162564
29 229 0
29 235 408
29 240 1968
29 248 2568
30 33 45168
30 34 17556
30 39 264
30 40 612300
30 44 1316460
30 46 281028
30 48 274020
30 49 204
30 53 83064
30 56 683232
30 63 529164
30 65 469044
30 71 1020
30 75 0
30 80 168
30 85 462276
30 88 0
30 95 648
30 98 28524
30 101 18780
30 102 1092
30 105 252
30 107 366264
30 110 69444
30 113 60
30 115 63900
30 124 62304
30 137 348456
30 145 731964
30 146 168
30 150 1308
30 155 60624
30 157 1482828
30 158 134136
30 159 432648
30 161 84
30 168 1596
30 170 120
30 171 2465688
30 172 131724
30 175 480
30 176 12
30 177 930936
30 183 939480
30 184 198780
30 185 158952
30 187 0
30 188 5592
30 192 218820
30 196 180
30 198 79164
30 201 55068
30 202 0
30 204 2508
30 206 173016
30 208 2028
30 209 117948
30 210 989700
30 214 9804
30 216 3024
30 217 207756
30 224 960
30 229 129180
30 233 29976
30 235 521484
30 240 2016
30 248 1956816
30 251 385332
31 40 72
31 42 0
31 53 0
31 54 0
31 56 125388
31 60 0
31 65 0
31 71 852
31 87 0
31 100 96
31 107 664356
31 109 84
31 113 36
31 126 48
31 130 0
31 135 0
31 146 12
31 147 2352
31 152 0
31 155 0
31 159 62928
31 174 252
31 175 900
31 181 24
31 202 0
31 206 36
31 208 67428
31 220 0
31 229 84
31 238 0
31 241 1464
31 253 0
32 46 372
32 56 85116
32 64 0
32 107 77460
32 124 0
32 126 0
32 135 0
32 146 0
32 161 0
32 168 0
32 206 0
32 208 0
32 230 384
32 234 468
33 40 256188
33 44 558888
33 46 83628
33 48 85560
33 56 41832
33 63 4572
33 65 259872
33 71 384
33 85 2952
33 88 0
33 98 24
33 102 15804
33 107 14928
33 110 0
33 113 144
33 115 8688
33 117 0
33 124 1440
33 126 276
33 137 95544
33 145 1872
33 146 0
33 150 180
33 152 0
33 155 792
33 157 27216
33 158 444
33 159 45648
33 166 300
33 168 0
33 170 1080
33 171 1001028
33 172 1968
33 177 160740
33 183 229680
33 184 71412
33 185 59124
33 189 2820
33 193 144
33 196 24
33 199 0
33 201 72
33 208 2532
33 209 1080
33 210 4428
33 215 0
33 229 2004
33 233 0
33 235 92904
33 241 228
33 248 694848
33 251 13716
34 40 0
34 44 153516
34 46 46644
34 48 42516
34 53 156
34 65 77664
34 95 0
34 98 108
34 124 108
34 145 324
34 155 216
34 159 504
34 171 493968
34 176 96
34 177 4416
34 183 156156
34 185 36
34 187 0
34 198 360
34 209 372
34 223 264
34 233 480
34 248 255900
34 251 3612
35 49 0
35 63 84432
35 64 60
35 96 0
35 155 0
35 159 27384
35 193 0
35 206 51612
35 217 1848
36 44 361428
36 46 63588
36 48 24
36 56 131916
36 58 0
36 63 95604
36 64 0
36 65 78720
36 95 540
36 110 0
36 124 0
36 137 49392
36 145 0
36 146 420
36 155 24
36 159 122196
36 171 240
36 176 0
36 183 48
36 185 96
36 192 468
36 202 0
36 215 132
36 222 0
36 229 37896
36 235 22884
36 248 108
36 250 12
36 253 0
37 44 123804
37 46 43620
37 56 29340
37 65 41208
37 175 744
38 40 92868
38 42 12
38 44 47868
38 46 68832
38 48 18924
38 53 0
38 58 84
38 65 46656
38 107 38748
38 126 0
38 135 0
38 155 0
38 183 26952
38 185 19248
38 215 60
38 248 140448
39 40 335976
39 44 111852
39 46 64500
39 48 444
39 53 468
39 56 7560
39 64 240
39 65 54900
39 67 0
39 75 72
39 97 24
39 107 71520
39 109 0
39 110 564
39 112 0
39 115 0
39 117 0
39 145 0
39 152 0
39 155 40704
39 157 13596
39 158 492
39 159 1128
39 168 168
39 170 600
39 171 226248
39 172 3036
39 181 72
39 183 82860
39 192 5736
39 201 792
39 220 132
39 226 108
39 229 444
39 238 0
39 248 267312
39 253 12
40 41 94608
40 42 89508
40 44 836256
40 46 198960
40 48 319884
40 49 0
40 50 924
40 53 289620
40 56 611592
40 60 139428
40 63 386304
40 65 446856
40 67 0
40 71 0
40 79 171372
40 80 53352
40 83 58392
40 85 293724
40 88 0
40 91 76320
40 95 960
40 98 276792
40 99 75192
40 100 168108
40 101 126144
40 102 336072
40 107 351696
40 108 56052
40 109 96408
40 110 271884
40 113 65148
40 115 427236
40 116 145716
40 119 128652
40 123 540
40 124 199992
40 126 147324
40 130 0
40 137 340776
40 140 79188
40 143 80304
40 145 356424
40 146 154284
40 148 70452
40 150 396
40 152 0
40 155 270480
40 157 1130304
40 158 94296
40 159 267132
40 161 86952
40 164 58104
40 166 342864
40 168 344844
40 170 65760
40 171 1386408
40 172 406908
40 174 36
40 177 712536
40 181 147516
40 183 658392
40 184 334020
40 185 467844
40 187 29424
40 188 948
40 189 278760
40 192 453744
40 198 270660
40 199 147120
40 201 144360
40 202 72
40 204 432
40 205 420
40 206 324
40 208 1224
40 209 153672
40 210 281772
40 214 118824
40 215 248520
40 216 24288
40 217 137112
40 224 384
40 229 191700
40 233 98316
40 234 117768
40 235 648228
40 238 0
40 248 1545156
40 251 371148
40 255 294084
41 46 49848
41 53 312
41 65 22620
41 88 12
41 171 20460
41 183 33912
41 224 756
41 248 53004
42 44 35400
42 46 74100
42 56 22308
42 85 0
42 98 0
42 107 33288
42 109 0
42 119 0
42 155 56544
42 163 12
42 166 0
42 181 0
42 192 24
42 241 180
42 248 12696
42 249 10368
43 63 25296
43 110 0
44 44 1332
44 46 627600
44 48 1227036
44 49 212568
44 53 1038048
44 54 0
44 56 2276208
44 58 277344
44 60 290868
44 63 2510772
44 64 442704
44 65 1956168
44 67 0
44 68 74712
44 69 1104
44 71 162456
44 75 12
44 76 0
44 77 112404
44 78 77628
44 80 163644
44 85 736956
44 88 193488
44 94 12
44 95 446616
44 96 156
44 97 240648
44 98 194820
44 100 124032
44 101 260700
44 102 898740
44 105 399576
44 107 1440708
44 109 31776
44 110 898440
44 111 361428
44 113 113808
44 115 267120
44 123 156012
44 124 1320144
44 126 194760
44 128 72816
44 134 95340
44 137 2123664
44 140 143544
44 142 123960
44 143 186660
44 145 3465924
44 146 605364
44 147 36
44 150 388428
44 155 404724
44 157 2183868
44 158 346236
44 159 2148132
44 166 15576
44 168 818388
44 170 213180
44 171 4526700
44 172 298428
44 174 744
44 175 264048
44 176 910968
44 177 2003436
44 181 28080
44 182 210948
44 183 1774128
44 184 1977888
44 185 968496
44 187 100524
44 188 851088
44 189 675900
44 192 739536
44 196 92928
44 198 331368
44 199 76416
44 200 96612
44 201 370956
44 204 549312
44 205 101268
44 206 715392
44 208 571500
44 209 1133040
44 210 2918712
44 214 83784
44 215 115008
44 216 47688
44 217 1453944
44 220 504
44 222 125904
44 223 170280
44 224 74232
44 225 104484
44 226 194592
44 229 1542732
44 233 321360
44 235 1163988
44 238 86340
44 240 403380
44 241 327720
44 242 0
44 248 3665100
44 250 75048
44 251 254556
44 253 212088
45 204 0
45 210 36972
46 48 310224
46 49 67332
46 53 178584
46 56 288024
46 58 732
46 60 105348
46 63 213120
46 64 73908
46 65 287760
46 75 62436
46 77 90420
46 80 55632
46 85 112056
46 88 84396
46 91 120
46 95 125232
46 96 96
46 97 56376
46 98 122544
46 100 97728
46 101 60060
46 102 206712
46 105 132036
46 107 231852
46 108 22236
46 109 99624
46 110 125688
46 111 63588
46 113 55176
46 115 113148
46 116 36
46 119 75432
46 123 62952
46 124 165516
46 126 119472
46 134 59376
46 137 324036
46 140 155040
46 143 79956
46 145 389556
46 146 183732
46 150 62220
46 154 5160
46 155 117492
46 157 272856
46 158 119652
46 159 256728
46 166 41544
46 168 181752
46 170 49920
46 171 808608
46 172 171516
46 175 83868
46 176 74964
46 177 350364
46 183 262800
46 184 230100
46 185 150480
46 187 87252
46 188 152064
46 189 109560
46 192 184980
46 198 102324
46 199 56844
46 200 24
46 201 73896
46 202 0
46 205 60
46 206 421008
46 208 98004
46 209 164220
46 210 221952
46 214 79212
46 215 54384
46 216 49116
46 217 160812
46 220 46668
46 221 60
46 222 38124
46 223 142872
46 226 58740
46 229 154368
46 230 59364
46 233 75888
46 235 235896
46 238 80784
46 241 83196
46 248 483480
46 250 120
46 251 82584
46 255 26616
48 53 71916
48 54 156
48 56 230280
48 58 108
48 60 54876
48 63 335520
48 64 456
48 65 276960
48 69 72
48 73 4248
48 75 33648
48 78 72
48 79 228
48 85 243300
48 87 132
48 88 21936
48 95 71448
48 100 36816
48 101 42312
48 102 90684
48 107 506280
48 110 79236
48 111 24
48 113 1392
48 115 22224
48 116 36
48 124 99156
48 126 32100
48 137 466524
48 140 26076
48 145 272340
48 146 58524
48 147 12
48 150 40896
48 154 300
48 155 56316
48 157 339876
48 158 127728
48 159 255240
48 164 240
48 168 206352
48 171 927420
48 172 69156
48 175 324
48 177 381612
48 181 84
48 183 219132
48 184 410796
48 185 39360
48 187 19008
48 189 94944
48 192 110496
48 198 49920
48 201 57972
48 202 0
48 204 2124
48 206 65868
48 208 25236
48 209 5676
48 210 106848
48 214 17088
48 216 14736
48 217 50628
48 221 408
48 223 34224
48 224 180
48 229 190260
48 233 69936
48 235 315120
48 238 16140
48 241 168
48 248 629304
48 251 61908
49 50 0
49 54 0
49 56 352416
49 58 600
49 60 156
49 63 317688
49 76 756
49 89 684
49 94 0
49 102 204
49 107 159012
49 113 72
49 124 1596
49 137 145380
49 143 0
49 145 112740
49 146 72
49 155 576
49 156 0
49 157 432
49 159 123708
49 160 228
49 171 264
49 172 0
49 175 156
49 181 228
49 184 145032
49 188 804
49 189 192
49 198 0
49 206 90996
49 208 1524
49 209 504
49 210 29256
49 212 1632
49 214 96
49 222 132
49 235 0
49 240 1008
49 247 0
49 248 2520
49 251 96
50 220 5244
50 229 32760
50 253 0
52 115 516
52 152 0
52 185 948
53 56 295152
53 63 110724
53 64 636
53 65 257868
53 79 120
53 85 62172
53 95 12
53 98 108
53 101 276
53 102 34008
53 107 228036
53 110 0
53 115 792
53 124 1728
53 125 144
53 137 297684
53 142 612
53 145 19032
53 146 0
53 155 109608
53 157 91644
53 158 46800
53 159 212232
53 166 3276
53 168 102288
53 170 1668
53 171 496980
53 172 1524
53 176 1308
53 177 226404
53 181 12
53 183 174948
53 184 293256
53 185 40956
53 187 312
53 188 504
53 189 2268
53 192 0
53 196 1872
53 198 540
53 202 0
53 204 468
53 205 48
53 206 66504
53 208 4476
53 209 2856
53 210 1764
53 223 12
53 226 60
53 229 136404
53 230 648
53 233 1116
53 235 206052
53 248 626220
53 251 7224
54 56 283608
54 71 120
54 80 12
54 95 0
54 100 0
54 107 455640
54 113 0
54 124 144
54 135 0
54 140 12
54 143 972
54 147 492
54 152 0
54 158 0
54 168 0
54 170 36
54 174 996
54 175 72
54 177 456
54 185 24
54 229 396
54 241 612
54 248 48
55 185 0
56 58 39312
56 60 185340
56 63 1759716
56 64 172440
56 65 722508
56 68 444
56 71 856116
56 77 25140
56 79 0
56 80 255168
56 85 221820
56 87 128904
56 88 53640
56 89 158316
56 93 240
56 95 77460
56 96 132
56 97 23316
56 98 118680
56 100 89124
56 101 1032
56 102 248328
56 105 289872
56 107 2688228
56 109 193200
56 110 393144
56 111 131916
56 113 211500
56 115 321960
56 116 132
56 121 5592
56 124 901992
56 125 219492
56 126 117312
56 130 288
56 135 100236
56 137 1572708
56 138 82068
56 140 70968
56 143 626712
56 144 44604
56 145 2468412
56 146 226080
56 147 619368
56 150 49044
56 152 240780
56 155 357528
56 157 1718784
56 158 276936
56 159 836520
56 161 81120
56 163 12
56 168 509052
56 170 521448
56 171 2281044
56 172 222360
56 174 395808
56 175 757296
56 176 292824
56 177 1256892
56 181 180888
56 182 40488
56 183 722952
56 184 1354044
56 185 304092
56 187 732
56 188 454476
56 189 83880
56 192 604392
56 196 271176
56 198 205428
56 199 0
56 200 21120
56 201 39048
56 202 2040
56 204 457836
56 206 642216
56 207 108948
56 208 1782792
56 209 933108
56 210 1774236
56 212 41436
56 215 73176
56 217 1008816
56 220 207384
56 224 396
56 226 244188
56 229 1011300
56 233 35820
56 235 659388
56 237 43584
56 238 0
56 239 7536
56 240 634068
56 241 796200
56 243 110520
56 247 97620
56 248 2103420
56 251 217296
56 252 85548
56 253 283176
56 255 1596
58 63 31728
58 65 62484
58 95 12
58 107 2556
58 111 0
58 115 732
58 155 48588
58 159 116400
58 177 33504
58 192 1500
59 71 156
59 157 168
59 171 101640
59 185 576
59 198 576
59 210 192
59 248 624
60 63 77328
60 64 216
60 65 128160
60 71 0
60 73 72
60 95 12
60 101 0
60 107 55452
60 124 0
60 135 0
60 140 0
60 143 84
60 145 0
60 146 0
60 155 132
60 157 21108
60 158 15048
60 159 57804
60 161 120
60 168 372
60 170 0
60 171 139272
60 174 12
60 176 228
60 177 131760
60 182 0
60 183 77676
60 184 0
60 185 900
60 187 0
60 188 0
60 189 24
60 192 24
60 200 36
60 201 0
60 204 0
60 206 0
60 210 408
60 214 408
60 217 0
60 223 0
60 229 45792
60 231 0
60 234 252
60 235 32388
60 241 0
60 248 268356
60 253 0
60 255 300
61 205 0
62 146 0
62 202 0
62 229 26520
63 64 205836
63 65 585612
63 69 1140
63 71 156156
63 74 3072
63 76 81756
63 78 86076
63 80 49152
63 85 95364
63 88 0
63 89 166176
63 94 172188
63 96 56760
63 98 0
63 101 0
63 102 3060
63 105 220344
63 107 1185480
63 110 399456
63 111 95604
63 115 1296
63 124 739452
63 135 0
63 137 1425108
63 142 120264
63 143 95556
63 145 2309652
63 146 0
63 150 60084
63 152 204
63 153 33072
63 155 255660
63 157 587268
63 158 317076
63 159 1276044
63 160 64212
63 168 273240
63 170 105120
63 171 1403388
63 172 516
63 175 392364
63 176 590724
63 177 705300
63 183 635112
63 184 1646052
63 185 250608
63 188 855624
63 189 708
63 191 2316
63 192 2040
63 193 140844
63 196 302532
63 197 72852
63 198 516
63 202 7992
63 204 558204
63 206 843192
63 208 382248
63 209 741792
63 210 2163144
63 212 77628
63 213 17544
63 215 600
63 217 1214172
63 222 154716
63 223 0
63 224 296484
63 226 91608
63 229 541608
63 231 0
63 235 426228
63 238 0
63 240 266064
63 241 284676
63 248 1608264
63 251 108
63 253 206988
64 65 109620
64 69 12
64 76 96
64 78 96
64 95 132
64 98 156
64 100 12
64 102 0
64 107 52560
64 109 96
64 110 684
64 111 0
64 126 336
64 135 0
64 137 78672
64 145 0
64 146 0
64 150 48
64 153 48
64 155 73212
64 158 40488
64 159 184776
64 168 72
64 171 0
64 176 0
64 177 348
64 179 120
64 182 0
64 183 0
64 184 85752
64 185 156
64 188 0
64 189 0
64 196 0
64 198 480
64 202 0
64 204 0
64 206 228
64 210 468
64 211 276
64 212 156
64 216 36
64 217 1224
64 222 0
64 224 0
64 226 0
64 229 90588
64 230 0
64 235 5832
64 240 12
64 248 25584
65 65 243288
65 69 19932
65 71 0
65 73 56988
65 75 94956
65 77 85380
65 79 60
65 80 20652
65 85 665988
65 88 112068
65 95 480120
65 97 203508
65 98 98436
65 100 92316
65 101 132936
65 102 245544
65 107 698436
65 109 34896
65 110 400128
65 111 78720
65 113 34080
65 115 150888
65 116 48
65 119 28836
65 123 157572
65 124 255864
65 126 102828
65 134 252816
65 135 0
65 137 831096
65 140 92796
65 142 22080
65 143 39408
65 145 743568
65 146 158424
65 150 305712
65 155 500532
65 157 1043664
65 158 344520
65 159 1361844
65 166 30288
65 168 458952
65 170 96084
65 171 1588860
65 172 236100
65 175 62340
65 176 124152
65 177 1158072
65 183 569784
65 184 920520
65 185 296868
65 187 97728
65 188 55092
65 189 216876
65 192 287700
65 196 144
65 198 78456
65 199 51468
65 200 19320
65 201 154320
65 202 30144
65 203 0
65 204 6996
65 205 222516
65 206 140532
65 208 143652
65 209 168372
65 210 322344
65 214 54252
65 215 48792
65 216 33924
65 217 393360
65 218 0
65 220 37068
65 222 168
65 223 143820
65 224 156
65 226 24156
65 229 391392
65 230 37272
65 233 216324
65 235 768252
65 238 79128
65 240 636
65 241 49092
65 248 1308300
65 250 69420
65 251 223176
65 255 60
66 155 0
67 157 0
67 171 0
67 238 0
67 248 0
69 78 24
69 110 120
69 145 192
69 146 36
69 159 199272
69 183 180
69 200 0
69 210 480
69 223 36
69 235 432
70 159 39036
71 76 84
71 80 72
71 85 36
71 88 0
71 89 108
71 107 422964
71 110 228
71 113 0
71 124 660
71 137 192972
71 143 3660
71 145 126192
71 146 0
71 147 25872
71 152 156
71 155 0
71 159 55284
71 161 8028
71 164 0
71 168 17832
71 171 876
71 172 492
71 174 25500
71 175 528
71 181 180
71 183 372
71 184 591348
71 188 8196
71 189 36
71 192 1764
71 196 1896
71 204 2208
71 206 48156
71 208 165348
71 209 45324
71 210 29196
71 217 2880
71 220 0
71 224 588
71 229 1500
71 235 5592
71 238 0
71 240 0
71 241 168
71 242 0
71 248 19164
71 253 72
73 77 108
73 110 168
73 171 0
73 175 12
73 183 89112
73 185 4860
73 201 276
75 107 0
75 110 0
75 171 480
75 172 336
75 176 336
75 183 71880
75 185 63960
75 189 372
75 216 0
76 107 324
76 137 34380
76 145 35136
76 153 2808
76 175 540
76 176 36
76 184 77016
76 188 91068
76 193 96
76 206 75948
76 209 22272
76 210 213276
76 217 114324
76 253 24
77 87 60
77 88 48
77 155 50436
77 157 1848
77 171 156
77 185 96
78 95 96
78 124 168
78 137 46488
78 142 84
78 145 372
78 146 36
78 150 144
78 157 336
78 159 386892
78 168 528
78 171 384
78 175 12
78 176 0
78 184 1716
78 192 204
78 203 0
78 223 528
78 248 1032
79 113 396
79 126 168
79 181 132
79 183 12108
79 255 1320
80 88 24
80 95 228
80 100 72
80 101 84
80 107 76788
80 110 48
80 125 60
80 131 0
80 134 60
80 145 35388
80 155 74124
80 159 20280
80 170 276
80 171 52008
80 177 17820
80 179 60
80 185 36
80 192 144
80 206 22116
80 208 0
80 229 22800
80 240 192
81 184 54360
82 95 3564
82 155 13704
82 228 6108
83 124 0
84 137 77220
84 145 1356
84 209 5676
85 102 79068
85 107 195132
85 109 0
85 110 217416
85 113 12
85 124 2544
85 137 2376
85 145 1836
85 146 0
85 155 63120
85 157 94248
85 158 133464
85 159 379812
85 171 1196172
85 176 228
85 177 181140
85 183 309624
85 185 117264
85 189 64740
85 192 36
85 205 204
85 208 324
85 209 2388
85 210 0
85 229 131400
85 233 3780
85 235 15324
85 248 489360
85 251 0
87 100 84
87 135 0
87 155 61716
87 185 144
88 118 0
88 124 0
88 126 72
88 145 0
88 146 0
88 155 0
88 157 0
88 159 0
88 168 0
88 171 0
88 177 0
88 183 0
88 184 0
88 188 0
88 189 0
88 202 0
88 209 0
88 210 0
88 217 0
88 223 0
88 248 0
89 94 72
89 102 0
89 107 828
89 137 158832
89 145 236772
89 146 0
89 155 8904
89 159 216
89 175 0
89 176 12
89 177 0
89 184 151188
89 188 40908
89 189 0
89 204 0
89 206 92700
89 208 192
89 209 12
89 210 108240
89 217 72084
89 220 2928
89 229 420
89 240 396
89 253 216
91 113 108
91 115 0
91 146 36
91 155 48804
91 157 16596
91 183 924
91 185 84
91 189 948
91 229 180
91 235 3444
93 110 0
93 124 84
93 150 672
93 155 0
93 158 84
93 159 156984
93 171 180
93 175 84
93 185 12
93 200 0
93 222 0
93 241 0
93 253 60
94 155 0
94 159 576
94 184 66420
94 206 83928
94 210 0
94 211 12
95 101 264
95 102 864
95 107 63996
95 110 0
95 111 540
95 124 876
95 137 37872
95 146 168
95 150 0
95 155 29220
95 157 1572
95 158 93504
95 159 302868
95 164 0
95 171 70464
95 177 33072
95 181 192
95 183 1800
95 184 2280
95 201 336
95 202 0
95 204 300
95 209 876
95 222 180
95 230 72
95 233 72
95 235 33660
95 240 96
95 241 468
95 242 0
95 248 19872
95 251 600
95 47 0
96 155 0
96 159 57900
96 160 0
96 206 120540
96 210 0
96 217 50940
96 224 4368
96 229 252
97 98 36
97 102 72
97 107 708
97 137 47328
97 142 48
97 145 312
97 155 612
97 157 180
97 158 35232
97 159 184812
97 160 36
97 172 540
97 176 72
97 183 636
97 184 324
97 185 336
97 192 360
97 196 360
97 203 0
97 206 732
97 226 48
97 229 108
97 233 108
97 248 3192
97 251 156
98 100 0
98 101 60
98 102 0
98 107 105156
98 110 60
98 115 480
98 124 1128
98 126 0
98 128 12
98 135 0
98 146 336
98 155 52176
98 157 48408
98 159 26904
98 161 0
98 164 60
98 168 0
98 171 332628
98 172 0
98 174 0
98 175 36
98 176 600
98 177 78228
98 183 121164
98 187 264
98 192 276
98 198 0
98 199 0
98 206 0
98 208 144
98 215 168
98 233 948
98 240 0
98 248 249576
98 255 0
100 107 76836
100 110 96
100 115 0
100 119 0
100 122 12
100 140 12
100 142 240
100 146 0
100 147 36
100 155 70560
100 161 12
100 170 264
100 171 160884
100 172 132
100 175 72
100 177 27648
100 181 0
100 183 51840
100 192 0
100 198 2916
100 199 0
100 229 216
100 235 33564
100 248 218124
101 102 0
101 107 132
101 110 756
101 113 12
101 115 72
101 124 48
101 126 36
101 146 0
101 155 0
101 157 10920
101 159 26316
101 164 156
101 168 984
101 170 396
101 171 0
101 183 105996
101 185 50244
101 201 0
101 216 0
101 223 168
101 229 204
101 248 84468
101 254 0
102 107 51168
102 109 540
102 110 30948
102 115 17592
102 124 1164
102 137 75792
102 143 144
102 145 88236
102 146 3576
102 155 1668
102 157 281784
102 158 38748
102 159 188676
102 166 24
102 168 53520
102 170 0
102 171 89412
102 172 7836
102 177 517956
102 183 364116
102 184 93072
102 185 112932
102 187 0
102 188 2688
102 189 0
102 192 70488
102 196 1200
102 198 96
102 201 10740
102 202 0
102 204 876
102 206 66060
102 208 756
102 209 5736
102 210 8640
102 217 4572
102 229 73632
102 233 444
102 235 303552
102 238 0
102 248 934896
102 251 111036
103 155 28788
103 159 2220
105 107 310692
105 110 6096
105 137 658248
105 145 2270148
105 146 0
105 155 0
105 157 2472
105 159 275712
105 171 138120
105 177 0
105 184 311964
105 188 301836
105 196 2076
105 204 178092
105 206 174168
105 209 184164
105 210 1616448
105 217 469392
105 235 288
105 238 0
105 248 1440
107 107 0
107 109 79584
107 110 254208
107 113 347676
107 115 344052
107 124 397584
107 125 120480
107 126 92544
107 130 229440
107 131 98988
107 135 69504
107 137 1169700
107 140 48264
107 143 254976
107 145 1788144
107 146 131844
107 147 203016
107 152 442128
107 155 215700
107 157 1302420
107 158 127356
107 159 472836
107 161 130092
107 163 84912
107 164 47172
107 168 491100
107 170 1126416
107 171 1855296
107 172 95616
107 174 275340
107 175 453624
107 176 207780
107 177 943296
107 181 151680
107 183 703008
107 184 1183140
107 185 206088
107 188 363552
107 189 16368
107 192 308676
107 196 147612
107 198 75852
107 200 0
107 201 1104
107 202 0
107 204 294864
107 206 524592
107 207 32352
107 208 1185828
107 209 678216
107 210 1242912
107 214 33864
107 215 59628
107 217 679584
107 220 120264
107 222 684
107 224 96
107 226 384
107 229 450588
107 233 1140
107 234 43092
107 235 600540
107 237 20724
107 238 0
107 240 248100
107 241 453468
107 243 62412
107 245 21084
107 247 39408
107 248 1403532
107 251 225528
107 253 96264
107 255 1248
108 155 0
108 180 0
108 199 0
109 116 60
109 123 24
109 126 0
109 145 2280
109 146 0
109 155 59196
109 166 36
109 171 15636
109 175 132
109 177 51168
109 187 36
109 189 72
109 201 36
109 202 0
109 208 360
109 210 312
109 215 12
109 238 0
109 241 60
109 248 146568
109 253 36
110 111 0
110 115 44664
110 116 12
110 118 0
110 124 86328
110 126 0
110 130 0
110 135 0
110 137 338460
110 140 24
110 143 0
110 145 139692
110 146 504
110 150 0
110 152 276
110 155 162096
110 157 212640
110 158 47652
110 159 349140
110 168 2892
110 170 12
110 171 365772
110 172 48
110 176 972
110 177 412728
110 182 0
110 183 199848
110 184 270288
110 185 87108
110 188 108
110 189 2988
110 192 56712
110 196 300
110 198 0
110 200 0
110 201 624
110 204 6012
110 206 61908
110 208 2568
110 209 9240
110 210 1944
110 214 47880
110 215 516
110 217 132
110 222 420
110 223 0
110 224 468
110 226 288
110 229 82020
110 233 960
110 235 207984
110 240 888
110 241 3720
110 248 418104
110 251 372
111 124 0
111 137 49392
111 145 0
111 146 420
111 155 24
111 159 122196
111 171 240
111 176 0
111 183 48
111 185 96
111 192 468
111 202 0
111 215 132
111 222 0
111 229 37896
111 235 22884
111 248 108
111 250 12
111 253 0
113 126 0
113 130 0
113 143 0
113 146 0
113 155 97392
113 161 0
113 168 0
113 170 0
113 174 696
113 176 60
113 177 96432
113 184 26712
113 208 0
113 209 3228
113 210 1152
113 217 24
113 220 0
113 223 60
113 248 107712
113 253 408
114 229 6588
115 131 0
115 135 24
115 137 11028
115 143 120
115 145 336
115 146 7632
115 155 85584
115 157 501300
115 159 67848
115 168 161832
115 171 381036
115 172 104400
115 176 204
115 177 0
115 183 310092
115 184 9168
115 185 504
115 188 852
115 189 1044
115 192 6084
115 198 1596
115 199 4380
115 209 7836
115 210 3684
115 229 79188
115 235 107244
115 238 24
115 241 0
115 248 668856
116 126 192
116 146 72
116 155 72
116 168 108
116 171 300
116 183 14664
116 229 360
117 185 11700
118 135 0
118 168 0
119 155 27564
119 163 36
119 172 192
119 177 29604
119 202 0
119 215 0
120 185 22356
122 171 12
122 229 19596
123 140 12
123 142 72
123 155 132
123 159 42792
123 187 180
123 199 12
123 229 240
123 248 312
124 130 120
124 135 0
124 137 373884
124 138 1128
124 140 0
124 143 7716
124 145 276120
124 146 22452
124 147 60
124 150 276
124 152 204
124 155 137364
124 157 77748
124 158 119544
124 159 314724
124 161 60
124 168 207300
124 170 1596
124 171 353856
124 172 828
124 175 132264
124 176 2580
124 177 267696
124 181 468
124 183 132948
124 184 449664
124 185 25692
124 187 456
124 188 48408
124 189 35148
124 192 21744
124 193 48
124 196 3384
124 198 1020
124 201 168
124 202 0
124 204 52764
124 206 168732
124 208 56844
124 209 105600
124 210 142440
124 217 67272
124 220 204
124 222 84
124 224 1788
124 229 230892
124 233 420
124 235 94044
124 238 0
124 240 13536
124 241 97572
124 248 439572
124 251 228
124 255 156
125 163 0
126 128 36
126 135 0
126 142 60
126 143 0
126 146 0
126 147 36
126 155 87636
126 159 25068
126 171 64872
126 175 960
126 176 48
126 177 58872
126 183 46380
126 185 180
126 192 72
126 208 1032
126 223 1104
126 229 0
126 233 48
126 235 31560
126 242 0
126 248 194808
126 253 192
128 146 24
128 158 12
128 159 132480
128 171 12
128 176 84
128 206 48
128 257 720
130 131 0
130 135 0
130 143 0
130 146 0
130 155 57408
130 161 0
130 168 300
130 170 0
130 171 0
130 172 0
130 174 72
130 229 240
130 235 0
130 241 0
130 248 72
131 143 12
131 172 0
131 175 84
131 183 300
131 220 0
131 229 0
133 185 12036
134 137 48672
134 146 0
134 159 57792
134 168 888
134 171 456
134 172 156
134 176 24
134 183 0
134 192 1632
134 202 0
134 222 0
134 229 528
134 248 15216
135 146 0
135 147 0
135 152 0
135 155 0
135 159 0
135 161 0
135 164 0
135 168 0
135 202 0
135 208 0
135 229 0
135 234 0
135 238 0
137 143 71424
137 145 2947980
137 146 76668
137 147 69576
137 150 32676
137 152 55056
137 153 18972
137 155 94092
137 156 16452
137 157 543816
137 158 276132
137 159 1067436
137 160 29112
137 168 215388
137 170 1740
137 171 1325256
137 172 71892
137 174 58356
137 175 221604
137 176 192576
137 177 265380
137 182 73344
137 183 681024
137 184 1968192
137 185 350124
137 188 705708
137 189 79320
137 190 4176
137 192 156732
137 193 26172
137 196 940248
137 197 26556
137 202 55776
137 204 760200
137 206 995664
137 208 336504
137 209 1163256
137 210 2950272
137 211 23016
137 212 56484
137 217 1168212
137 222 67812
137 223 47388
137 224 179388
137 226 47556
137 229 396444
137 235 205248
137 238 26136
137 240 479952
137 241 101016
137 246 9984
137 248 962640
137 251 6120
137 253 61500
138 206 1764
140 142 36
140 146 0
140 155 28776
140 157 0
140 159 20928
140 168 0
140 171 38580
140 177 20340
140 183 192
140 192 828
140 229 0
140 238 0
140 248 17484
140 251 0
142 145 444
142 155 38880
142 159 98268
142 161 72
142 185 108
142 188 0
142 208 8100
142 210 0
142 216 36
142 223 60
142 234 120
142 235 0
142 248 444
143 145 8016
143 146 3900
143 155 150588
143 159 24672
143 171 37968
143 172 648
143 175 240
143 177 30192
143 183 576
143 184 68136
143 206 39648
143 208 6348
143 210 4992
143 220 0
143 222 36
143 226 0
143 229 152100
143 234 0
143 235 852
143 241 24
143 248 54996
143 253 0
145 145 75072
145 146 5652
145 147 744
145 153 49164
145 155 204624
145 157 1211076
145 158 143712
145 159 1018920
145 168 251304
145 170 2760
145 171 3248976
145 172 288
145 174 6636
145 175 7764
145 176 14220
145 177 591924
145 183 693852
145 184 2733984
145 185 157848
145 188 1037472
145 189 16464
145 192 11484
145 195 26748
145 196 427188
145 198 216
145 202 0
145 204 1310484
145 206 1223484
145 208 243864
145 209 660300
145 210 5737764
145 211 169080
145 212 288624
145 217 1886952
145 224 92148
145 229 455388
145 231 0
145 235 230148
145 238 0
145 240 504384
145 241 14124
145 248 1471452
145 253 12
145 258 39264
146 147 0
146 153 0
146 155 90396
146 157 35712
146 158 12564
146 159 107544
146 166 156
146 168 0
146 170 0
146 171 149700
146 172 84
146 175 636
146 176 1104
146 177 125820
146 181 192
146 183 79584
146 184 80940
146 185 56940
146 188 1704
146 189 1356
146 192 564
146 193 156
146 196 0
146 198 0
146 199 0
146 200 0
146 202 0
146 204 0
146 206 0
146 208 12
146 209 768
146 210 0
146 220 0
146 222 0
146 223 0
146 224 0
146 226 0
146 229 104520
146 233 0
146 235 95400
146 238 0
146 241 1512
146 248 296400
146 251 0
146 253 0
147 155 132
147 168 5328
147 174 0
147 175 24
147 184 38664
147 188 1488
147 206 420
147 207 0
147 208 15612
147 209 1728
147 210 708
147 217 2040
147 220 0
147 229 168
147 241 876
148 183 264
149 184 0
150 155 27192
150 158 65184
150 159 296700
150 168 396
150 171 17736
150 177 14544
150 182 0
150 183 2364
150 184 1128
150 185 1056
150 188 1992
150 189 276
150 199 2064
150 204 684
150 206 276
150 210 456
150 217 216
150 223 240
150 229 21480
150 233 72
150 234 168
150 248 20004
152 159 0
152 171 276
152 176 84
152 181 0
152 183 264
152 184 120
152 185 60
152 206 204
152 208 0
152 209 36
152 234 0
153 161 0
153 177 0
153 184 52800
153 188 160944
153 204 0
153 206 72612
153 210 122040
153 217 51900
153 253 0
154 157 84
154 171 28212
154 183 456
154 233 516
154 248 972
155 157 287748
155 158 144276
155 159 522972
155 161 64884
155 163 51132
155 164 71700
155 166 0
155 168 121056
155 170 213624
155 171 366924
155 172 660
155 174 132
155 175 105732
155 176 106272
155 177 254208
155 179 71184
155 180 0
155 181 80700
155 182 0
155 183 89340
155 184 173736
155 185 58584
155 187 0
155 188 0
155 189 852
155 192 98196
155 196 0
155 198 45096
155 199 0
155 200 0
155 201 0
155 202 0
155 204 0
155 206 25716
155 208 164568
155 209 960
155 210 69912
155 214 2856
155 215 1536
155 216 168
155 217 75648
155 220 87456
155 222 732
155 223 0
155 224 144
155 226 89496
155 229 116016
155 233 0
155 234 73224
155 235 184800
155 238 0
155 240 264
155 241 84564
155 248 349368
155 250 0
155 251 2040
155 253 78516
156 210 0
156 246 252
157 157 204
157 158 119148
157 159 433200
157 166 12
157 168 246936
157 170 136692
157 171 7586460
157 172 70320
157 177 1280304
157 181 22884
157 183 1498848
157 184 405216
157 185 288468
157 188 1452
157 189 102840
157 192 348120
157 196 5808
157 198 79272
157 201 57216
157 204 6024
157 206 127932
157 208 6516
157 209 21024
157 210 408948
157 214 1260
157 216 11556
157 217 113628
157 222 324
157 229 385920
157 230 3384
157 234 141504
157 235 1066860
157 248 2655276
157 251 336
157 255 48
158 159 629160
158 166 24
158 168 34860
158 170 480
158 171 400188
158 172 0
158 175 372
158 176 83280
158 177 314304
158 181 24
158 183 192912
158 184 284832
158 185 47628
158 188 1260
158 189 48
158 192 1692
158 204 984
158 206 32880
158 208 15180
158 210 35136
158 217 1164
158 224 708
158 226 240
158 229 102540
158 235 133152
158 248 211476
158 249 60
158 250 27372
158 251 300
159 160 151176
159 166 552
159 168 165816
159 170 57360
159 171 1207128
159 172 45768
159 175 60492
159 176 346836
159 177 819096
159 182 43500
159 183 416616
159 184 1258980
159 185 158292
159 188 488052
159 189 37728
159 192 150720
159 193 172632
159 196 107424
159 198 43824
159 200 116412
159 201 31560
159 202 0
159 204 226068
159 205 59904
159 206 416664
159 208 125784
159 209 433632
159 210 836472
159 215 1296
159 217 904008
159 221 81144
159 222 283056
159 223 28632
159 224 226332
159 226 25020
159 227 50532
159 229 341556
159 233 6024
159 235 384120
159 238 0
159 240 118284
159 241 49620
159 248 889344
159 249 67632
159 250 105144
159 253 51720
159 255 1152
160 170 132
160 171 516
160 176 60
160 188 36
160 192 552
160 206 171060
160 208 216
160 217 70956
160 224 0
160 248 36
161 171 2148
161 174 0
161 192 0
161 198 456
161 238 6204
161 253 72
162 210 34836
164 253 396
166 171 148344
166 172 12
166 183 5232
166 184 72
166 185 5220
166 189 1152
166 198 852
166 202 2184
166 217 408
166 235 0
166 248 55872
168 170 157980
168 171 320700
168 172 3888
168 175 8952
168 176 780
168 177 353316
168 181 84
168 183 137976
168 184 231144
168 185 4224
168 188 444
168 189 95520
168 192 280752
168 204 13608
168 205 180
168 206 35064
168 208 74244
168 209 114708
168 210 103524
168 217 70980
168 220 0
168 222 660
168 226 192
168 229 73620
168 233 228
168 235 261864
168 238 0
168 240 1476
168 241 768
168 248 661524
168 251 1020
168 253 0
170 171 179580
170 175 288
170 177 179760
170 182 0
170 183 69780
170 185 1404
170 189 1284
170 192 0
170 196 192
170 200 12
170 209 768
170 210 924
170 217 732
170 229 32796
170 235 149016
170 248 162360
171 171 240
171 172 409956
171 174 0
171 175 44448
171 176 70164
171 177 4097304
171 181 516
171 183 179232
171 184 1050456
171 185 515076
171 187 236496
171 188 285840
171 189 151824
171 192 958512
171 193 360
171 196 1032
171 198 306912
171 199 26856
171 201 626256
171 202 0
171 204 102312
171 205 180
171 206 562764
171 208 148704
171 209 736404
171 210 2668740
171 214 173940
171 215 159816
171 217 912432
171 220 0
171 222 168
171 223 108
171 229 549708
171 233 476496
171 234 384
171 235 2353992
171 238 0
171 239 1332
171 240 36756
171 241 40680
171 248 2798016
171 251 2673792
171 253 168
171 255 64680
172 175 0
172 176 168
172 177 230400
172 181 588
172 183 290988
172 184 20256
172 185 52152
172 187 2028
172 188 36
172 192 2472
172 198 0
172 199 0
172 204 1836
172 208 2232
172 209 14940
172 210 120
172 215 48
172 220 108
172 223 0
172 229 50088
172 233 864
172 234 0
172 235 32856
172 248 539388
172 249 36
172 251 2352
174 175 1896
174 184 23856
174 204 1428
174 208 4404
174 210 876
174 229 504
174 241 12
174 248 5172
175 177 29280
175 181 72
175 183 936
175 184 273768
175 185 300
175 188 1308
175 189 456
175 192 2820
175 196 3420
175 198 216
175 201 48
175 204 276
175 206 101796
175 208 12540
175 209 21696
175 210 9984
175 217 1428
175 220 12
175 224 1056
175 229 166344
175 235 792
175 241 0
175 248 16248
176 177 16116
176 183 6060
176 184 385860
176 185 1272
176 188 3720
176 189 600
176 192 96
176 196 648
176 201 60
176 202 0
176 204 696
176 206 81156
176 208 12264
176 209 2832
176 210 11544
176 217 1284
176 220 48
176 222 0
176 229 156924
176 235 8364
176 240 144
176 248 84792
176 251 216
177 179 28992
177 181 89832
177 183 1412700
177 184 346068
177 185 610020
177 188 25584
177 189 386148
177 192 335628
177 196 1092
177 198 140580
177 199 0
177 201 127992
177 204 10524
177 206 267156
177 208 131340
177 209 32820
177 210 193092
177 216 15396
177 217 238320
177 222 528
177 229 446328
177 233 5232
177 234 62268
177 235 0
177 238 0
177 241 37056
177 248 2026596
177 251 0
177 253 9108
177 194 1632
178 229 8496
179 192 24
179 198 72
180 185 21600
181 183 132
181 185 456
181 189 180
181 192 120
181 235 87540
181 241 0
181 248 2520
182 200 0
182 229 24744
183 184 584652
183 185 729972
183 187 126024
183 188 5052
183 189 451440
183 192 617580
183 193 336
183 196 0
183 198 161388
183 199 47016
183 201 146076
183 202 0
183 204 5760
183 205 288
183 206 171192
183 208 4944
183 209 192828
183 210 571548
183 215 1104
183 216 82188
183 217 166476
183 229 255696
183 230 89592
183 233 181764
183 235 827544
183 238 0
183 240 660
183 241 0
183 248 472680
183 251 356928
183 254 54036
183 255 63132
184 185 266760
184 188 824952
184 189 134028
184 192 278532
184 196 519144
184 198 1128
184 202 0
184 204 854052
184 206 1127112
184 208 409776
184 209 1471548
184 210 2271876
184 211 80448
184 212 129180
184 217 1202952
184 220 84
184 222 25920
184 223 3576
184 224 206268
184 229 535380
184 235 290964
184 238 0
184 240 519576
184 241 177732
184 248 1018740
184 251 10056
184 253 59760
184 258 93132
185 189 89244
185 192 95856
185 198 68964
185 199 0
185 201 37548
185 204 1836
185 205 108
185 206 792
185 208 2052
185 209 11724
185 210 66756
185 214 96
185 215 1668
185 216 24624
185 217 2544
185 220 0
185 222 96
185 229 71148
185 230 5400
185 233 52308
185 234 540
185 235 241272
185 240 36
185 248 519504
185 251 68376
186 206 49044
187 201 0
187 205 108
187 220 48
187 229 36
187 248 271992
187 255 108
188 188 0
188 189 132
188 193 0
188 195 18780
188 196 175032
188 197 45720
188 202 0
188 204 576372
188 206 504156
188 208 1188
188 209 316932
188 210 1864080
188 212 35940
188 217 718908
188 224 405804
188 229 540
188 235 20244
188 238 0
188 240 9528
188 248 106992
188 251 624
188 256 0
189 192 25080
189 196 1236
189 198 1236
189 201 0
189 202 0
189 204 756
189 208 5232
189 209 22488
189 210 8268
189 217 4140
189 229 3672
189 235 221556
189 248 1036560
189 251 23460
192 193 228
192 196 888
192 201 756
192 204 2964
192 206 92088
192 208 5640
192 209 7272
192 210 16464
192 229 111612
192 233 120
192 235 199008
192 238 0
192 240 108
192 241 900
192 248 969156
192 255 1200
193 201 36
193 206 82848
193 208 72
193 222 0
193 248 276
195 204 240
195 210 78180
195 217 3084
196 204 0
196 206 244596
196 208 7236
196 209 69180
196 210 687816
196 217 317832
196 222 168
196 224 40920
196 226 1680
196 229 4104
196 231 0
196 235 4224
196 240 3816
196 241 3372
196 248 5796
196 251 516
196 252 3528
197 204 0
197 206 148356
197 217 161220
197 224 0
197 240 132
197 256 0
198 199 0
198 201 12
198 202 24
198 210 180
198 217 252
198 221 48
198 229 33312
198 235 49284
198 240 12
198 248 88980
198 251 792
199 248 80664
200 222 0
200 241 60
200 250 0
201 205 96
201 214 60
201 224 180
201 229 36
201 233 0
201 235 68808
201 238 0
201 248 394416
201 251 132
202 204 0
202 208 0
202 210 1020
202 217 0
202 226 0
202 229 0
202 235 14184
202 238 0
202 248 0
204 204 0
204 206 291252
204 208 360
204 209 782892
204 210 175872
204 217 636432
204 224 46320
204 229 5088
204 231 0
204 235 1608
204 240 29652
204 241 120
204 248 174684
204 251 216
204 253 504
205 229 132
205 248 228
206 208 93864
206 209 378348
206 210 1117344
206 211 180
206 212 70020
206 217 640956
206 224 249096
206 229 158844
206 235 192852
206 240 166332
206 241 79728
206 248 402048
206 251 60
208 209 7080
208 210 52896
208 211 252
208 212 540
208 214 96
208 217 972
208 220 0
208 224 720
208 226 84
208 229 121092
208 235 52428
208 240 1524
208 241 18024
208 248 187692
209 210 2488392
209 217 631836
209 222 396
209 224 16836
209 229 158508
209 235 2352
209 240 197352
209 241 11976
209 248 546324
210 210 552
210 211 71448
210 212 169524
210 215 288
210 217 2665080
210 224 120984
210 229 181176
210 231 0
210 235 18444
210 238 0
210 240 93840
210 241 3336
210 246 0
210 248 1277832
211 212 0
211 253 12
212 217 28692
212 240 288
214 229 15060
214 235 10500
214 240 156
214 248 54396
215 234 60
215 235 0
215 248 150420
215 255 12
216 229 192
216 233 0
216 235 19440
216 248 36
217 224 1213740
217 229 119868
217 235 12516
217 240 94548
217 241 4596
217 248 479436
217 253 1320
217 256 126660
220 226 0
220 248 12
221 229 36
221 248 36
222 229 120
223 248 84
224 229 2580
224 240 2244
224 241 564
224 248 912
224 256 0
225 229 52224
226 229 22236
226 240 0
226 241 0
226 248 72
226 250 24
226 253 0
229 233 204
229 235 234864
229 238 0
229 240 804
229 241 143832
229 248 662784
229 251 1956
229 253 64320
230 241 36
230 248 55812
230 251 492
231 253 0
233 248 305040
233 251 6588
234 235 84828
234 241 756
234 248 1236
234 251 12852
235 240 948
235 241 144
235 248 1286136
235 251 206664
238 250 24
240 241 0
240 248 17640
240 251 384
241 248 23028
241 253 0
248 248 636
248 251 549144
248 253 672
250 253 60
